55.912757841225101,-3.323470286152026,136.270690917968750 
0.022714555603658,0.000000000000000,0.000000000000000 
 0.000000000000000,0.032526017032652,0.000000000000000 
 0.000000000000000,0.000000000000000,0.112729612574899 
-0.01891,-0.01184,0.31626,0.94841 
-0.01290,0.00806,-0.00938 
0.01656,-0.44075,0.50059 
0.000000000000000,0.000000000000000,0.000000000000000 
 0.000000000000000,0.000000000000000,0.000000000000000 
 0.000000000000000,0.000000000000000,0.000000000000000 
0.000000000000000,0.000000000000000,0.000000000000000 
 0.000000000000000,0.000000000000000,0.000000000000000 
 0.000000000000000,0.000000000000000,0.000000000000000 
0.000000000000000,0.000000000000000,0.000000000000000 
 0.000000000000000,0.000000000000000,0.000000000000000 
 0.000000000000000,0.000000000000000,0.000000000000000 
4.59246,5.89140,-0.09976 
-0.01290,0.00806,-0.00938 
