55.912787744311878,-3.323403716716007,136.439590454101562 
0.024507633488652,0.000000000000000,0.000000000000000 
 0.000000000000000,0.034893617630644,0.000000000000000 
 0.000000000000000,0.000000000000000,0.120056205188067 
-0.01740,-0.01535,0.31853,0.94763 
0.00611,-0.00649,-0.00957 
-1.13723,-0.10388,-0.03702 
0.000000000000000,0.000000000000000,0.000000000000000 
 0.000000000000000,0.000000000000000,0.000000000000000 
 0.000000000000000,0.000000000000000,0.000000000000000 
0.000000000000000,0.000000000000000,0.000000000000000 
 0.000000000000000,0.000000000000000,0.000000000000000 
 0.000000000000000,0.000000000000000,0.000000000000000 
0.000000000000000,0.000000000000000,0.000000000000000 
 0.000000000000000,0.000000000000000,0.000000000000000 
 0.000000000000000,0.000000000000000,0.000000000000000 
4.53494,5.66680,-0.09074 
0.00611,-0.00649,-0.00957 
