55.912806201208362,-3.323363039963462,136.533843994140625 
0.025550260313772,0.000000000000000,0.000000000000000 
 0.000000000000000,0.036363970267203,0.000000000000000 
 0.000000000000000,0.000000000000000,0.124343537628385 
-0.01606,-0.01656,0.32009,0.94711 
0.00113,0.00143,-0.00753 
-0.92330,-0.18980,0.06359 
0.000000000000000,0.000000000000000,0.000000000000000 
 0.000000000000000,0.000000000000000,0.000000000000000 
 0.000000000000000,0.000000000000000,0.000000000000000 
0.000000000000000,0.000000000000000,0.000000000000000 
 0.000000000000000,0.000000000000000,0.000000000000000 
 0.000000000000000,0.000000000000000,0.000000000000000 
0.000000000000000,0.000000000000000,0.000000000000000 
 0.000000000000000,0.000000000000000,0.000000000000000 
 0.000000000000000,0.000000000000000,0.000000000000000 
4.35469,5.35846,-0.07403 
0.00113,0.00143,-0.00753 
