55.912887884860247,-3.323184525179629,137.102478027343750 
0.029541594444815,0.000000000000000,0.000000000000000 
 0.000000000000000,0.042636899625652,0.000000000000000 
 0.000000000000000,0.000000000000000,0.141147710930923 
-0.00907,-0.02702,0.31782,0.94772 
-0.02731,-0.16868,0.01593 
0.77523,-0.79439,0.30640 
0.000000000000000,0.000000000000000,0.000000000000000 
 0.000000000000000,0.000000000000000,0.000000000000000 
 0.000000000000000,0.000000000000000,0.000000000000000 
0.000000000000000,0.000000000000000,0.000000000000000 
 0.000000000000000,0.000000000000000,0.000000000000000 
 0.000000000000000,0.000000000000000,0.000000000000000 
0.000000000000000,0.000000000000000,0.000000000000000 
 0.000000000000000,0.000000000000000,0.000000000000000 
 0.000000000000000,0.000000000000000,0.000000000000000 
4.37131,5.51797,-0.00775 
-0.02731,-0.16868,0.01593 
