55.913026408674881,-3.322872551580662,137.758407592773438 
0.033180741939121,0.000000000000000,0.000000000000000 
 0.000000000000000,0.049872697539685,0.000000000000000 
 0.000000000000000,0.000000000000000,0.158230328191316 
-0.00780,-0.01433,0.31561,0.94875 
-0.00028,0.00162,-0.00268 
-0.40515,0.08165,-0.01456 
0.000000000000000,0.000000000000000,0.000000000000000 
 0.000000000000000,0.000000000000000,0.000000000000000 
 0.000000000000000,0.000000000000000,0.000000000000000 
0.000000000000000,0.000000000000000,0.000000000000000 
 0.000000000000000,0.000000000000000,0.000000000000000 
 0.000000000000000,0.000000000000000,0.000000000000000 
0.000000000000000,0.000000000000000,0.000000000000000 
 0.000000000000000,0.000000000000000,0.000000000000000 
 0.000000000000000,0.000000000000000,0.000000000000000 
5.78803,7.40457,-0.06278 
-0.00028,0.00162,-0.00268 
