55.913103648374985,-3.322699213617270,138.153305053710938 
0.033951960222894,0.000000000000000,0.000000000000000 
 0.000000000000000,0.052687567404121,0.000000000000000 
 0.000000000000000,0.000000000000000,0.163188536925762 
-0.00552,-0.01350,0.31703,0.94830 
0.03650,-0.02871,0.00282 
0.64745,0.00928,0.03835 
0.000000000000000,0.000000000000000,0.000000000000000 
 0.000000000000000,0.000000000000000,0.000000000000000 
 0.000000000000000,0.000000000000000,0.000000000000000 
0.000000000000000,0.000000000000000,0.000000000000000 
 0.000000000000000,0.000000000000000,0.000000000000000 
 0.000000000000000,0.000000000000000,0.000000000000000 
0.000000000000000,0.000000000000000,0.000000000000000 
 0.000000000000000,0.000000000000000,0.000000000000000 
 0.000000000000000,0.000000000000000,0.000000000000000 
5.97789,7.62924,-0.07190 
0.03650,-0.02871,0.00282 
