55.913100863471129,-3.322705426422396,138.149475097656250 
0.033928505043805,0.000000000000000,0.000000000000000 
 0.000000000000000,0.052595168796412,0.000000000000000 
 0.000000000000000,0.000000000000000,0.163555020801315 
-0.00662,-0.01311,0.31708,0.94828 
0.00747,-0.01756,-0.00131 
0.71849,-0.23480,0.05771 
0.000000000000000,0.000000000000000,0.000000000000000 
 0.000000000000000,0.000000000000000,0.000000000000000 
 0.000000000000000,0.000000000000000,0.000000000000000 
0.000000000000000,0.000000000000000,0.000000000000000 
 0.000000000000000,0.000000000000000,0.000000000000000 
 0.000000000000000,0.000000000000000,0.000000000000000 
0.000000000000000,0.000000000000000,0.000000000000000 
 0.000000000000000,0.000000000000000,0.000000000000000 
 0.000000000000000,0.000000000000000,0.000000000000000 
5.93910,7.59694,-0.06825 
0.00747,-0.01756,-0.00131 
