55.913416542203166,-3.322008252133026,139.353225708007812 
0.035736179907020,0.000000000000000,0.000000000000000 
 0.000000000000000,0.059481664556920,0.000000000000000 
 0.000000000000000,0.000000000000000,0.175151709298299 
-0.00613,-0.01548,0.31775,0.94803 
0.00631,-0.00145,0.02353 
0.21304,0.36504,-0.15257 
0.000000000000000,0.000000000000000,0.000000000000000 
 0.000000000000000,0.000000000000000,0.000000000000000 
 0.000000000000000,0.000000000000000,0.000000000000000 
0.000000000000000,0.000000000000000,0.000000000000000 
 0.000000000000000,0.000000000000000,0.000000000000000 
 0.000000000000000,0.000000000000000,0.000000000000000 
0.000000000000000,0.000000000000000,0.000000000000000 
 0.000000000000000,0.000000000000000,0.000000000000000 
 0.000000000000000,0.000000000000000,0.000000000000000 
6.71003,8.58884,-0.09577 
0.00631,-0.00145,0.02353 
