55.913522498111284,-3.321767046041136,139.704193115234375 
0.036146525367188,0.000000000000000,0.000000000000000 
 0.000000000000000,0.061065551270034,0.000000000000000 
 0.000000000000000,0.000000000000000,0.177221104580853 
0.00055,-0.01774,0.31683,0.94831 
0.00537,0.00983,-0.01407 
-1.82948,-0.03486,0.20705 
0.000000000000000,0.000000000000000,0.000000000000000 
 0.000000000000000,0.000000000000000,0.000000000000000 
 0.000000000000000,0.000000000000000,0.000000000000000 
0.000000000000000,0.000000000000000,0.000000000000000 
 0.000000000000000,0.000000000000000,0.000000000000000 
 0.000000000000000,0.000000000000000,0.000000000000000 
0.000000000000000,0.000000000000000,0.000000000000000 
 0.000000000000000,0.000000000000000,0.000000000000000 
 0.000000000000000,0.000000000000000,0.000000000000000 
5.50235,7.09590,-0.09918 
0.00537,0.00983,-0.01407 
