55.913618706927252,-3.321558329124159,140.215545654296875 
0.036128628408099,0.000000000000000,0.000000000000000 
 0.000000000000000,0.062481404734172,0.000000000000000 
 0.000000000000000,0.000000000000000,0.180435601974360 
-0.01038,-0.01363,0.32322,0.94617 
-0.02940,0.13162,0.00732 
-0.27179,-0.34721,-0.02897 
0.000000000000000,0.000000000000000,0.000000000000000 
 0.000000000000000,0.000000000000000,0.000000000000000 
 0.000000000000000,0.000000000000000,0.000000000000000 
0.000000000000000,0.000000000000000,0.000000000000000 
 0.000000000000000,0.000000000000000,0.000000000000000 
 0.000000000000000,0.000000000000000,0.000000000000000 
0.000000000000000,0.000000000000000,0.000000000000000 
 0.000000000000000,0.000000000000000,0.000000000000000 
 0.000000000000000,0.000000000000000,0.000000000000000 
3.56513,4.41748,-0.16491 
-0.02940,0.13162,0.00732 
