55.913584820479151,-3.321630690022642,140.000213623046875 
0.036432950390753,0.000000000000000,0.000000000000000 
 0.000000000000000,0.062092738878633,0.000000000000000 
 0.000000000000000,0.000000000000000,0.178811937729649 
-0.00120,-0.01906,0.32347,0.94605 
-0.00460,0.01144,-0.00255 
-1.43606,-0.09171,0.20553 
0.000000000000000,0.000000000000000,0.000000000000000 
 0.000000000000000,0.000000000000000,0.000000000000000 
 0.000000000000000,0.000000000000000,0.000000000000000 
0.000000000000000,0.000000000000000,0.000000000000000 
 0.000000000000000,0.000000000000000,0.000000000000000 
 0.000000000000000,0.000000000000000,0.000000000000000 
0.000000000000000,0.000000000000000,0.000000000000000 
 0.000000000000000,0.000000000000000,0.000000000000000 
 0.000000000000000,0.000000000000000,0.000000000000000 
3.86725,4.77850,-0.10736 
-0.00460,0.01144,-0.00255 
