55.913573742687610,-3.321654553178474,139.950378417968750 
0.036360435461186,0.000000000000000,0.000000000000000 
 0.000000000000000,0.061881463399711,0.000000000000000 
 0.000000000000000,0.000000000000000,0.178823002683259 
-0.00065,-0.01920,0.32262,0.94633 
-0.01598,0.01252,-0.00600 
-2.05372,-0.01752,-0.18577 
0.000000000000000,0.000000000000000,0.000000000000000 
 0.000000000000000,0.000000000000000,0.000000000000000 
 0.000000000000000,0.000000000000000,0.000000000000000 
0.000000000000000,0.000000000000000,0.000000000000000 
 0.000000000000000,0.000000000000000,0.000000000000000 
 0.000000000000000,0.000000000000000,0.000000000000000 
0.000000000000000,0.000000000000000,0.000000000000000 
 0.000000000000000,0.000000000000000,0.000000000000000 
 0.000000000000000,0.000000000000000,0.000000000000000 
4.22722,5.24741,-0.08516 
-0.01598,0.01252,-0.00600 
