55.913697242521913,-3.321385087997814,140.567169189453125 
0.035637897705991,0.000000000000000,0.000000000000000 
 0.000000000000000,0.063213615493257,0.000000000000000 
 0.000000000000000,0.000000000000000,0.180729367605722 
-0.00589,-0.01579,0.31776,0.94802 
-0.00322,0.05606,-0.00084 
1.12697,0.40852,-0.44008 
0.000000000000000,0.000000000000000,0.000000000000000 
 0.000000000000000,0.000000000000000,0.000000000000000 
 0.000000000000000,0.000000000000000,0.000000000000000 
0.000000000000000,0.000000000000000,0.000000000000000 
 0.000000000000000,0.000000000000000,0.000000000000000 
 0.000000000000000,0.000000000000000,0.000000000000000 
0.000000000000000,0.000000000000000,0.000000000000000 
 0.000000000000000,0.000000000000000,0.000000000000000 
 0.000000000000000,0.000000000000000,0.000000000000000 
4.09568,5.27799,0.07600 
-0.00322,0.05606,-0.00084 
