55.913675807354302,-3.321432869120219,140.519012451171875 
0.035742997173216,0.000000000000000,0.000000000000000 
 0.000000000000000,0.063058276360639,0.000000000000000 
 0.000000000000000,0.000000000000000,0.181287591817242 
-0.00558,-0.01815,0.31796,0.94792 
-0.00781,0.18706,0.00089 
1.19339,-0.12983,3.91163 
0.000000000000000,0.000000000000000,0.000000000000000 
 0.000000000000000,0.000000000000000,0.000000000000000 
 0.000000000000000,0.000000000000000,0.000000000000000 
0.000000000000000,0.000000000000000,0.000000000000000 
 0.000000000000000,0.000000000000000,0.000000000000000 
 0.000000000000000,0.000000000000000,0.000000000000000 
0.000000000000000,0.000000000000000,0.000000000000000 
 0.000000000000000,0.000000000000000,0.000000000000000 
 0.000000000000000,0.000000000000000,0.000000000000000 
3.71238,4.82518,0.40579 
-0.00781,0.18706,0.00089 
