55.913730472396431,-3.321320448014189,140.732620239257812 
0.036094954035193,0.000000000000000,0.000000000000000 
 0.000000000000000,0.063926610001662,0.000000000000000 
 0.000000000000000,0.000000000000000,0.182036544207350 
-0.00496,-0.01621,0.31886,0.94765 
-0.00600,0.00536,0.00402 
1.51309,-0.30475,-0.02384 
0.000000000000000,0.000000000000000,0.000000000000000 
 0.000000000000000,0.000000000000000,0.000000000000000 
 0.000000000000000,0.000000000000000,0.000000000000000 
0.000000000000000,0.000000000000000,0.000000000000000 
 0.000000000000000,0.000000000000000,0.000000000000000 
 0.000000000000000,0.000000000000000,0.000000000000000 
0.000000000000000,0.000000000000000,0.000000000000000 
 0.000000000000000,0.000000000000000,0.000000000000000 
 0.000000000000000,0.000000000000000,0.000000000000000 
5.03187,5.87436,-0.07599 
-0.00600,0.00536,0.00402 
