55.913783271575312,-3.321202599246739,140.981521606445312 
0.036872240847466,0.000000000000000,0.000000000000000 
 0.000000000000000,0.064729254498630,0.000000000000000 
 0.000000000000000,0.000000000000000,0.182734778313724 
-0.00659,-0.01603,0.31794,0.94795 
-0.03029,0.00279,0.01893 
1.41544,0.21306,0.13641 
0.000000000000000,0.000000000000000,0.000000000000000 
 0.000000000000000,0.000000000000000,0.000000000000000 
 0.000000000000000,0.000000000000000,0.000000000000000 
0.000000000000000,0.000000000000000,0.000000000000000 
 0.000000000000000,0.000000000000000,0.000000000000000 
 0.000000000000000,0.000000000000000,0.000000000000000 
0.000000000000000,0.000000000000000,0.000000000000000 
 0.000000000000000,0.000000000000000,0.000000000000000 
 0.000000000000000,0.000000000000000,0.000000000000000 
5.73272,7.30917,-0.05523 
-0.03029,0.00279,0.01893 
