55.913788441724215,-3.321190592472788,140.989318847656250 
0.036933476093780,0.000000000000000,0.000000000000000 
 0.000000000000000,0.064787575442282,0.000000000000000 
 0.000000000000000,0.000000000000000,0.182702166023327 
-0.00738,-0.01615,0.31670,0.94836 
-0.00404,0.00173,0.02803 
1.24163,0.42715,-0.07965 
0.000000000000000,0.000000000000000,0.000000000000000 
 0.000000000000000,0.000000000000000,0.000000000000000 
 0.000000000000000,0.000000000000000,0.000000000000000 
0.000000000000000,0.000000000000000,0.000000000000000 
 0.000000000000000,0.000000000000000,0.000000000000000 
 0.000000000000000,0.000000000000000,0.000000000000000 
0.000000000000000,0.000000000000000,0.000000000000000 
 0.000000000000000,0.000000000000000,0.000000000000000 
 0.000000000000000,0.000000000000000,0.000000000000000 
5.77567,7.43478,-0.03898 
-0.00404,0.00173,0.02803 
