55.913716653512495,-3.321347386492953,140.643722534179688 
0.035731622279327,0.000000000000000,0.000000000000000 
 0.000000000000000,0.063520390324413,0.000000000000000 
 0.000000000000000,0.000000000000000,0.181035824103194 
-0.00559,-0.01601,0.31827,0.94785 
-0.00721,0.01491,0.00054 
1.34095,-0.17377,-0.27149 
0.000000000000000,0.000000000000000,0.000000000000000 
 0.000000000000000,0.000000000000000,0.000000000000000 
 0.000000000000000,0.000000000000000,0.000000000000000 
0.000000000000000,0.000000000000000,0.000000000000000 
 0.000000000000000,0.000000000000000,0.000000000000000 
 0.000000000000000,0.000000000000000,0.000000000000000 
0.000000000000000,0.000000000000000,0.000000000000000 
 0.000000000000000,0.000000000000000,0.000000000000000 
 0.000000000000000,0.000000000000000,0.000000000000000 
4.64913,5.62133,0.01241 
-0.00721,0.01491,0.00054 
