55.913825994426212,-3.321103667685643,141.140960693359375 
0.036971945834854,0.000000000000000,0.000000000000000 
 0.000000000000000,0.064868858997436,0.000000000000000 
 0.000000000000000,0.000000000000000,0.183216657917144 
-0.00963,-0.01970,0.29962,0.95381 
-0.00642,0.05468,0.08660 
-0.26714,0.82423,0.18756 
0.000000000000000,0.000000000000000,0.000000000000000 
 0.000000000000000,0.000000000000000,0.000000000000000 
 0.000000000000000,0.000000000000000,0.000000000000000 
0.000000000000000,0.000000000000000,0.000000000000000 
 0.000000000000000,0.000000000000000,0.000000000000000 
 0.000000000000000,0.000000000000000,0.000000000000000 
0.000000000000000,0.000000000000000,0.000000000000000 
 0.000000000000000,0.000000000000000,0.000000000000000 
 0.000000000000000,0.000000000000000,0.000000000000000 
5.67683,7.88741,0.01794 
-0.00642,0.05468,0.08660 
