55.913915828661665,-3.320677848952879,141.403839111328125 
0.038330727989502,0.000000000000000,0.000000000000000 
 0.000000000000000,0.067349498217276,0.000000000000000 
 0.000000000000000,0.000000000000000,0.187273298968443 
-0.04100,-0.02016,0.03910,0.99819 
-0.02918,-0.03342,0.22868 
0.13089,2.24814,0.39557 
0.000000000000000,0.000000000000000,0.000000000000000 
 0.000000000000000,0.000000000000000,0.000000000000000 
 0.000000000000000,0.000000000000000,0.000000000000000 
0.000000000000000,0.000000000000000,0.000000000000000 
 0.000000000000000,0.000000000000000,0.000000000000000 
 0.000000000000000,0.000000000000000,0.000000000000000 
0.000000000000000,0.000000000000000,0.000000000000000 
 0.000000000000000,0.000000000000000,0.000000000000000 
 0.000000000000000,0.000000000000000,0.000000000000000 
0.76318,10.68571,0.09220 
-0.02918,-0.03342,0.22868 
