55.913913815163625,-3.320541188690556,141.506561279296875 
0.038708375452416,0.000000000000000,0.000000000000000 
 0.000000000000000,0.068163356083098,0.000000000000000 
 0.000000000000000,0.000000000000000,0.188250329722312 
-0.04347,-0.01714,-0.05103,0.99760 
0.01545,-0.03095,0.20994 
-0.65656,1.99034,-0.33686 
0.000000000000000,0.000000000000000,0.000000000000000 
 0.000000000000000,0.000000000000000,0.000000000000000 
 0.000000000000000,0.000000000000000,0.000000000000000 
0.000000000000000,0.000000000000000,0.000000000000000 
 0.000000000000000,0.000000000000000,0.000000000000000 
 0.000000000000000,0.000000000000000,0.000000000000000 
0.000000000000000,0.000000000000000,0.000000000000000 
 0.000000000000000,0.000000000000000,0.000000000000000 
 0.000000000000000,0.000000000000000,0.000000000000000 
-1.16568,10.55499,0.03261 
0.01545,-0.03095,0.20994 
