55.913854752936892,-3.320231217837120,141.204269409179688 
0.035539604763302,0.000000000000000,0.000000000000000 
 0.000000000000000,0.066281890966949,0.000000000000000 
 0.000000000000000,0.000000000000000,0.184766651696581 
-0.03112,-0.01331,-0.24413,0.96915 
0.00206,-0.01574,0.17646 
-0.58987,1.61232,0.39817 
0.000000000000000,0.000000000000000,0.000000000000000 
 0.000000000000000,0.000000000000000,0.000000000000000 
 0.000000000000000,0.000000000000000,0.000000000000000 
0.000000000000000,0.000000000000000,0.000000000000000 
 0.000000000000000,0.000000000000000,0.000000000000000 
 0.000000000000000,0.000000000000000,0.000000000000000 
0.000000000000000,0.000000000000000,0.000000000000000 
 0.000000000000000,0.000000000000000,0.000000000000000 
 0.000000000000000,0.000000000000000,0.000000000000000 
-4.48918,8.22088,0.10792 
0.00206,-0.01574,0.17646 
