55.913837175546014,-3.320181043292672,141.138198852539062 
0.033679012178738,0.000000000000000,0.000000000000000 
 0.000000000000000,0.065369531871372,0.000000000000000 
 0.000000000000000,0.000000000000000,0.182262388528920 
-0.03128,-0.01082,-0.27725,0.96023 
-0.00313,0.00677,0.17330 
-0.87807,1.28281,-0.14573 
0.000000000000000,0.000000000000000,0.000000000000000 
 0.000000000000000,0.000000000000000,0.000000000000000 
 0.000000000000000,0.000000000000000,0.000000000000000 
0.000000000000000,0.000000000000000,0.000000000000000 
 0.000000000000000,0.000000000000000,0.000000000000000 
 0.000000000000000,0.000000000000000,0.000000000000000 
0.000000000000000,0.000000000000000,0.000000000000000 
 0.000000000000000,0.000000000000000,0.000000000000000 
 0.000000000000000,0.000000000000000,0.000000000000000 
-4.86292,7.65844,0.08890 
-0.00313,0.00677,0.17330 
