55.913743936923879,-3.319999820503698,140.902435302734375 
0.031586917927033,0.000000000000000,0.000000000000000 
 0.000000000000000,0.065117441440421,0.000000000000000 
 0.000000000000000,0.000000000000000,0.180058474810622 
-0.02683,-0.00906,-0.41291,0.91033 
0.01816,0.00758,0.09907 
-2.11678,0.41590,0.02485 
0.000000000000000,0.000000000000000,0.000000000000000 
 0.000000000000000,0.000000000000000,0.000000000000000 
 0.000000000000000,0.000000000000000,0.000000000000000 
0.000000000000000,0.000000000000000,0.000000000000000 
 0.000000000000000,0.000000000000000,0.000000000000000 
 0.000000000000000,0.000000000000000,0.000000000000000 
0.000000000000000,0.000000000000000,0.000000000000000 
 0.000000000000000,0.000000000000000,0.000000000000000 
 0.000000000000000,0.000000000000000,0.000000000000000 
-4.01604,3.36079,0.08060 
0.01816,0.00758,0.09907 
