55.913730543494815,-3.319980588877482,140.952667236328125 
0.031677587908465,0.000000000000000,0.000000000000000 
 0.000000000000000,0.065280487937906,0.000000000000000 
 0.000000000000000,0.000000000000000,0.181089034899529 
-0.02440,-0.00821,-0.42729,0.90375 
-0.00511,0.00129,0.05869 
-1.69296,-0.05838,0.19225 
0.000000000000000,0.000000000000000,0.000000000000000 
 0.000000000000000,0.000000000000000,0.000000000000000 
 0.000000000000000,0.000000000000000,0.000000000000000 
0.000000000000000,0.000000000000000,0.000000000000000 
 0.000000000000000,0.000000000000000,0.000000000000000 
 0.000000000000000,0.000000000000000,0.000000000000000 
0.000000000000000,0.000000000000000,0.000000000000000 
 0.000000000000000,0.000000000000000,0.000000000000000 
 0.000000000000000,0.000000000000000,0.000000000000000 
-3.49032,2.79242,0.04901 
-0.00511,0.00129,0.05869 
