55.913645348826286,-3.319861360852765,141.398254394531250 
0.032935754960520,0.000000000000000,0.000000000000000 
 0.000000000000000,0.065110125643423,0.000000000000000 
 0.000000000000000,0.000000000000000,0.181023346821352 
-0.02737,-0.01632,-0.45339,0.89074 
-0.00633,-0.10047,0.00445 
1.02487,0.08463,-0.34285 
0.000000000000000,0.000000000000000,0.000000000000000 
 0.000000000000000,0.000000000000000,0.000000000000000 
 0.000000000000000,0.000000000000000,0.000000000000000 
0.000000000000000,0.000000000000000,0.000000000000000 
 0.000000000000000,0.000000000000000,0.000000000000000 
 0.000000000000000,0.000000000000000,0.000000000000000 
0.000000000000000,0.000000000000000,0.000000000000000 
 0.000000000000000,0.000000000000000,0.000000000000000 
 0.000000000000000,0.000000000000000,0.000000000000000 
-3.73892,2.89833,0.13850 
-0.00633,-0.10047,0.00445 
