55.913597698910493,-3.319791907884179,141.539642333984375 
0.034287099216358,0.000000000000000,0.000000000000000 
 0.000000000000000,0.064695638988689,0.000000000000000 
 0.000000000000000,0.000000000000000,0.180248621281919 
-0.02092,-0.00455,-0.44587,0.89484 
0.02271,-0.01298,-0.02171 
1.46668,-0.14617,-1.29392 
0.000000000000000,0.000000000000000,0.000000000000000 
 0.000000000000000,0.000000000000000,0.000000000000000 
 0.000000000000000,0.000000000000000,0.000000000000000 
0.000000000000000,0.000000000000000,0.000000000000000 
 0.000000000000000,0.000000000000000,0.000000000000000 
 0.000000000000000,0.000000000000000,0.000000000000000 
0.000000000000000,0.000000000000000,0.000000000000000 
 0.000000000000000,0.000000000000000,0.000000000000000 
 0.000000000000000,0.000000000000000,0.000000000000000 
-4.91398,4.00670,0.10667 
0.02271,-0.01298,-0.02171 
