55.913565165554864,-3.319749049795799,141.761901855468750 
0.034951037252363,0.000000000000000,0.000000000000000 
 0.000000000000000,0.064442794748595,0.000000000000000 
 0.000000000000000,0.000000000000000,0.179918054521090 
-0.01703,-0.00384,-0.43999,0.89783 
-0.00663,0.00604,-0.02181 
1.67310,-0.29349,-0.25964 
0.000000000000000,0.000000000000000,0.000000000000000 
 0.000000000000000,0.000000000000000,0.000000000000000 
 0.000000000000000,0.000000000000000,0.000000000000000 
0.000000000000000,0.000000000000000,0.000000000000000 
 0.000000000000000,0.000000000000000,0.000000000000000 
 0.000000000000000,0.000000000000000,0.000000000000000 
0.000000000000000,0.000000000000000,0.000000000000000 
 0.000000000000000,0.000000000000000,0.000000000000000 
 0.000000000000000,0.000000000000000,0.000000000000000 
-5.89371,4.55722,-0.04014 
-0.00663,0.00604,-0.02181 
