55.913318117105739,-3.319388924538558,142.978668212890625 
0.041479160384911,0.000000000000000,0.000000000000000 
 0.000000000000000,0.065058622509241,0.000000000000000 
 0.000000000000000,0.000000000000000,0.183179002572765 
-0.01193,-0.00691,-0.43456,0.90054 
-0.03188,-0.00373,0.00081 
0.55699,-0.11517,0.13383 
0.000000000000000,0.000000000000000,0.000000000000000 
 0.000000000000000,0.000000000000000,0.000000000000000 
 0.000000000000000,0.000000000000000,0.000000000000000 
0.000000000000000,0.000000000000000,0.000000000000000 
 0.000000000000000,0.000000000000000,0.000000000000000 
 0.000000000000000,0.000000000000000,0.000000000000000 
0.000000000000000,0.000000000000000,0.000000000000000 
 0.000000000000000,0.000000000000000,0.000000000000000 
 0.000000000000000,0.000000000000000,0.000000000000000 
-7.69226,6.29104,-0.12809 
-0.03188,-0.00373,0.00081 
