55.913426545088093,-3.319549226306428,142.632904052734375 
0.038532888508611,0.000000000000000,0.000000000000000 
 0.000000000000000,0.064676689573319,0.000000000000000 
 0.000000000000000,0.000000000000000,0.181923115247603 
-0.01439,-0.00407,-0.42980,0.90280 
0.00899,-0.00647,0.00833 
-0.43962,0.22923,-0.15629 
0.000000000000000,0.000000000000000,0.000000000000000 
 0.000000000000000,0.000000000000000,0.000000000000000 
 0.000000000000000,0.000000000000000,0.000000000000000 
0.000000000000000,0.000000000000000,0.000000000000000 
 0.000000000000000,0.000000000000000,0.000000000000000 
 0.000000000000000,0.000000000000000,0.000000000000000 
0.000000000000000,0.000000000000000,0.000000000000000 
 0.000000000000000,0.000000000000000,0.000000000000000 
 0.000000000000000,0.000000000000000,0.000000000000000 
-7.27534,5.84029,-0.35652 
0.00899,-0.00647,0.00833 
