55.913294199653549,-3.319351629355090,142.927383422851562 
0.041875041781325,0.000000000000000,0.000000000000000 
 0.000000000000000,0.065351002077566,0.000000000000000 
 0.000000000000000,0.000000000000000,0.183961987581967 
-0.01072,-0.00507,-0.43451,0.90059 
0.02830,0.00873,-0.00322 
0.48383,0.36248,-0.25427 
0.000000000000000,0.000000000000000,0.000000000000000 
 0.000000000000000,0.000000000000000,0.000000000000000 
 0.000000000000000,0.000000000000000,0.000000000000000 
0.000000000000000,0.000000000000000,0.000000000000000 
 0.000000000000000,0.000000000000000,0.000000000000000 
 0.000000000000000,0.000000000000000,0.000000000000000 
0.000000000000000,0.000000000000000,0.000000000000000 
 0.000000000000000,0.000000000000000,0.000000000000000 
 0.000000000000000,0.000000000000000,0.000000000000000 
-7.76845,6.52187,-0.04337 
0.02830,0.00873,-0.00322 
