55.913290685438767,-3.319346434934401,142.936157226562500 
0.041940120451198,0.000000000000000,0.000000000000000 
 0.000000000000000,0.065401431820718,0.000000000000000 
 0.000000000000000,0.000000000000000,0.183419185513828 
-0.01054,-0.00506,-0.43440,0.90064 
0.00629,0.00351,-0.00407 
0.38384,-0.09228,-0.15236 
0.000000000000000,0.000000000000000,0.000000000000000 
 0.000000000000000,0.000000000000000,0.000000000000000 
 0.000000000000000,0.000000000000000,0.000000000000000 
0.000000000000000,0.000000000000000,0.000000000000000 
 0.000000000000000,0.000000000000000,0.000000000000000 
 0.000000000000000,0.000000000000000,0.000000000000000 
0.000000000000000,0.000000000000000,0.000000000000000 
 0.000000000000000,0.000000000000000,0.000000000000000 
 0.000000000000000,0.000000000000000,0.000000000000000 
-7.78681,6.52867,-0.05086 
0.00629,0.00351,-0.00407 
