55.913143314691354,-3.319127961889268,143.249847412109375 
0.046197997872639,0.000000000000000,0.000000000000000 
 0.000000000000000,0.066923892713988,0.000000000000000 
 0.000000000000000,0.000000000000000,0.186823696672732 
-0.02587,0.00178,-0.43148,0.90175 
-0.01491,-0.01104,-0.00671 
-0.01817,-0.17152,-0.72782 
0.000000000000000,0.000000000000000,0.000000000000000 
 0.000000000000000,0.000000000000000,0.000000000000000 
 0.000000000000000,0.000000000000000,0.000000000000000 
0.000000000000000,0.000000000000000,0.000000000000000 
 0.000000000000000,0.000000000000000,0.000000000000000 
 0.000000000000000,0.000000000000000,0.000000000000000 
0.000000000000000,0.000000000000000,0.000000000000000 
 0.000000000000000,0.000000000000000,0.000000000000000 
 0.000000000000000,0.000000000000000,0.000000000000000 
-8.13399,6.76938,-0.09036 
-0.01491,-0.01104,-0.00671 
