55.913237378264157,-3.319266986469524,143.015792846679688 
0.043496790801536,0.000000000000000,0.000000000000000 
 0.000000000000000,0.065821411509824,0.000000000000000 
 0.000000000000000,0.000000000000000,0.185202461189963 
-0.01798,-0.00312,-0.43416,0.90065 
-0.00258,-0.03186,-0.00395 
0.06782,0.12238,0.21162 
0.000000000000000,0.000000000000000,0.000000000000000 
 0.000000000000000,0.000000000000000,0.000000000000000 
 0.000000000000000,0.000000000000000,0.000000000000000 
0.000000000000000,0.000000000000000,0.000000000000000 
 0.000000000000000,0.000000000000000,0.000000000000000 
 0.000000000000000,0.000000000000000,0.000000000000000 
0.000000000000000,0.000000000000000,0.000000000000000 
 0.000000000000000,0.000000000000000,0.000000000000000 
 0.000000000000000,0.000000000000000,0.000000000000000 
-7.96742,6.61835,-0.10453 
-0.00258,-0.03186,-0.00395 
