55.913222805880956,-3.319246205501321,143.076904296875000 
0.043903599753042,0.000000000000000,0.000000000000000 
 0.000000000000000,0.065944003167772,0.000000000000000 
 0.000000000000000,0.000000000000000,0.185218775554436 
-0.01912,-0.00346,-0.43396,0.90072 
0.00166,0.00506,-0.00379 
-0.03227,0.13968,-0.21241 
0.000000000000000,0.000000000000000,0.000000000000000 
 0.000000000000000,0.000000000000000,0.000000000000000 
 0.000000000000000,0.000000000000000,0.000000000000000 
0.000000000000000,0.000000000000000,0.000000000000000 
 0.000000000000000,0.000000000000000,0.000000000000000 
 0.000000000000000,0.000000000000000,0.000000000000000 
0.000000000000000,0.000000000000000,0.000000000000000 
 0.000000000000000,0.000000000000000,0.000000000000000 
 0.000000000000000,0.000000000000000,0.000000000000000 
-8.02078,6.59859,-0.02553 
0.00166,0.00506,-0.00379 
