55.913006698116455,-3.318926339693994,143.277465820312500 
0.049808845031984,0.000000000000000,0.000000000000000 
 0.000000000000000,0.070294729868298,0.000000000000000 
 0.000000000000000,0.000000000000000,0.191609496160027 
-0.01664,-0.00754,-0.43100,0.90217 
-0.04527,-0.01888,-0.00640 
-3.56237,-0.31623,-0.31700 
0.000000000000000,0.000000000000000,0.000000000000000 
 0.000000000000000,0.000000000000000,0.000000000000000 
 0.000000000000000,0.000000000000000,0.000000000000000 
0.000000000000000,0.000000000000000,0.000000000000000 
 0.000000000000000,0.000000000000000,0.000000000000000 
 0.000000000000000,0.000000000000000,0.000000000000000 
0.000000000000000,0.000000000000000,0.000000000000000 
 0.000000000000000,0.000000000000000,0.000000000000000 
 0.000000000000000,0.000000000000000,0.000000000000000 
-5.94237,4.95705,-0.04162 
-0.04527,-0.01888,-0.00640 
