55.912968088742673,-3.318870108552970,143.401336669921875 
0.049393750883644,0.000000000000000,0.000000000000000 
 0.000000000000000,0.071369225861887,0.000000000000000 
 0.000000000000000,0.000000000000000,0.192558000608778 
-0.01702,-0.00676,-0.43111,0.90211 
-0.03188,-0.00126,-0.00346 
-2.73634,0.07718,-0.49356 
0.000000000000000,0.000000000000000,0.000000000000000 
 0.000000000000000,0.000000000000000,0.000000000000000 
 0.000000000000000,0.000000000000000,0.000000000000000 
0.000000000000000,0.000000000000000,0.000000000000000 
 0.000000000000000,0.000000000000000,0.000000000000000 
 0.000000000000000,0.000000000000000,0.000000000000000 
0.000000000000000,0.000000000000000,0.000000000000000 
 0.000000000000000,0.000000000000000,0.000000000000000 
 0.000000000000000,0.000000000000000,0.000000000000000 
-3.72038,3.07755,-0.08608 
-0.03188,-0.00126,-0.00346 
