55.912840222399794,-3.318714693212564,143.528594970703125 
0.048240434270685,0.000000000000000,0.000000000000000 
 0.000000000000000,0.073411894269882,0.000000000000000 
 0.000000000000000,0.000000000000000,0.191172280180326 
-0.01643,-0.00162,-0.44251,0.89661 
-0.05426,0.04259,-0.00372 
1.25708,-0.49839,0.34408 
0.000000000000000,0.000000000000000,0.000000000000000 
 0.000000000000000,0.000000000000000,0.000000000000000 
 0.000000000000000,0.000000000000000,0.000000000000000 
0.000000000000000,0.000000000000000,0.000000000000000 
 0.000000000000000,0.000000000000000,0.000000000000000 
 0.000000000000000,0.000000000000000,0.000000000000000 
0.000000000000000,0.000000000000000,0.000000000000000 
 0.000000000000000,0.000000000000000,0.000000000000000 
 0.000000000000000,0.000000000000000,0.000000000000000 
-4.15567,2.94934,0.04685 
-0.05426,0.04259,-0.00372 
