55.912789265022766,-3.318644585575170,143.689193725585938 
0.048762213756707,0.000000000000000,0.000000000000000 
 0.000000000000000,0.076589670817229,0.000000000000000 
 0.000000000000000,0.000000000000000,0.199078547897447 
-0.01458,0.00054,-0.43987,0.89794 
-0.01157,0.01496,-0.00439 
1.61352,-0.12328,-0.12230 
0.000000000000000,0.000000000000000,0.000000000000000 
 0.000000000000000,0.000000000000000,0.000000000000000 
 0.000000000000000,0.000000000000000,0.000000000000000 
0.000000000000000,0.000000000000000,0.000000000000000 
 0.000000000000000,0.000000000000000,0.000000000000000 
 0.000000000000000,0.000000000000000,0.000000000000000 
0.000000000000000,0.000000000000000,0.000000000000000 
 0.000000000000000,0.000000000000000,0.000000000000000 
 0.000000000000000,0.000000000000000,0.000000000000000 
-5.47110,4.10197,-0.15335 
-0.01157,0.01496,-0.00439 
