55.912682321541816,-3.318492944502257,144.118362426757812 
0.045036600321509,0.000000000000000,0.000000000000000 
 0.000000000000000,0.072752360641037,0.000000000000000 
 0.000000000000000,0.000000000000000,0.191176606345622 
-0.02513,-0.00507,-0.44454,0.89539 
0.06344,-0.02952,-0.00500 
1.30253,-0.31385,0.57254 
0.000000000000000,0.000000000000000,0.000000000000000 
 0.000000000000000,0.000000000000000,0.000000000000000 
 0.000000000000000,0.000000000000000,0.000000000000000 
0.000000000000000,0.000000000000000,0.000000000000000 
 0.000000000000000,0.000000000000000,0.000000000000000 
 0.000000000000000,0.000000000000000,0.000000000000000 
0.000000000000000,0.000000000000000,0.000000000000000 
 0.000000000000000,0.000000000000000,0.000000000000000 
 0.000000000000000,0.000000000000000,0.000000000000000 
-7.78419,5.85326,-0.05154 
0.06344,-0.02952,-0.00500 
