55.912796522255427,-3.318654278686560,143.672821044921875 
0.047006422293006,0.000000000000000,0.000000000000000 
 0.000000000000000,0.074766729964328,0.000000000000000 
 0.000000000000000,0.000000000000000,0.194699797211118 
-0.01523,-0.00021,-0.44023,0.89776 
0.02146,0.01315,-0.00477 
1.53508,-0.07313,-0.31843 
0.000000000000000,0.000000000000000,0.000000000000000 
 0.000000000000000,0.000000000000000,0.000000000000000 
 0.000000000000000,0.000000000000000,0.000000000000000 
0.000000000000000,0.000000000000000,0.000000000000000 
 0.000000000000000,0.000000000000000,0.000000000000000 
 0.000000000000000,0.000000000000000,0.000000000000000 
0.000000000000000,0.000000000000000,0.000000000000000 
 0.000000000000000,0.000000000000000,0.000000000000000 
 0.000000000000000,0.000000000000000,0.000000000000000 
-5.27508,3.96217,-0.11991 
0.02146,0.01315,-0.00477 
