55.912746561125608,-3.318580791157821,143.831832885742188 
0.046706755027961,0.000000000000000,0.000000000000000 
 0.000000000000000,0.072991154275287,0.000000000000000 
 0.000000000000000,0.000000000000000,0.191195735880108 
-0.02334,-0.00040,-0.44007,0.89766 
-0.06406,0.00926,0.00160 
1.62643,0.38652,0.37317 
0.000000000000000,0.000000000000000,0.000000000000000 
 0.000000000000000,0.000000000000000,0.000000000000000 
 0.000000000000000,0.000000000000000,0.000000000000000 
0.000000000000000,0.000000000000000,0.000000000000000 
 0.000000000000000,0.000000000000000,0.000000000000000 
 0.000000000000000,0.000000000000000,0.000000000000000 
0.000000000000000,0.000000000000000,0.000000000000000 
 0.000000000000000,0.000000000000000,0.000000000000000 
 0.000000000000000,0.000000000000000,0.000000000000000 
-6.56032,5.08150,-0.05318 
-0.06406,0.00926,0.00160 
