55.912636670015452,-3.318429439785252,144.666992187500000 
0.044333415181544,0.000000000000000,0.000000000000000 
 0.000000000000000,0.072418633072232,0.000000000000000 
 0.000000000000000,0.000000000000000,0.190690506064045 
-0.01152,-0.00745,-0.43994,0.89792 
-0.00979,-0.03199,-0.01320 
0.97939,-0.19046,0.70298 
0.000000000000000,0.000000000000000,0.000000000000000 
 0.000000000000000,0.000000000000000,0.000000000000000 
 0.000000000000000,0.000000000000000,0.000000000000000 
0.000000000000000,0.000000000000000,0.000000000000000 
 0.000000000000000,0.000000000000000,0.000000000000000 
 0.000000000000000,0.000000000000000,0.000000000000000 
0.000000000000000,0.000000000000000,0.000000000000000 
 0.000000000000000,0.000000000000000,0.000000000000000 
 0.000000000000000,0.000000000000000,0.000000000000000 
-8.09744,6.30428,-0.33742 
-0.00979,-0.03199,-0.01320 
