55.912383587176322,-3.318123161757529,144.915924072265625 
0.044850666040075,0.000000000000000,0.000000000000000 
 0.000000000000000,0.070338084374343,0.000000000000000 
 0.000000000000000,0.000000000000000,0.188546219970775 
-0.03212,0.01050,-0.54533,0.83754 
-0.01937,-0.01459,0.13322 
0.75321,1.48138,0.18187 
0.000000000000000,0.000000000000000,0.000000000000000 
 0.000000000000000,0.000000000000000,0.000000000000000 
 0.000000000000000,0.000000000000000,0.000000000000000 
0.000000000000000,0.000000000000000,0.000000000000000 
 0.000000000000000,0.000000000000000,0.000000000000000 
 0.000000000000000,0.000000000000000,0.000000000000000 
0.000000000000000,0.000000000000000,0.000000000000000 
 0.000000000000000,0.000000000000000,0.000000000000000 
 0.000000000000000,0.000000000000000,0.000000000000000 
-10.29971,4.51003,-0.14027 
-0.01937,-0.01459,0.13322 
