55.912295548740275,-3.318061962746637,145.155715942382812 
0.041365426071751,0.000000000000000,0.000000000000000 
 0.000000000000000,0.069729189630721,0.000000000000000 
 0.000000000000000,0.000000000000000,0.186344452312884 
-0.02638,0.00710,-0.57591,0.81706 
0.00158,-0.00451,0.04641 
1.05838,0.61294,-0.30227 
0.000000000000000,0.000000000000000,0.000000000000000 
 0.000000000000000,0.000000000000000,0.000000000000000 
 0.000000000000000,0.000000000000000,0.000000000000000 
0.000000000000000,0.000000000000000,0.000000000000000 
 0.000000000000000,0.000000000000000,0.000000000000000 
 0.000000000000000,0.000000000000000,0.000000000000000 
0.000000000000000,0.000000000000000,0.000000000000000 
 0.000000000000000,0.000000000000000,0.000000000000000 
 0.000000000000000,0.000000000000000,0.000000000000000 
-11.31206,4.03207,-0.20310 
0.00158,-0.00451,0.04641 
