55.912227587118075,-3.318017200601948,145.267333984375000 
0.040381410225292,0.000000000000000,0.000000000000000 
 0.000000000000000,0.069863164503453,0.000000000000000 
 0.000000000000000,0.000000000000000,0.186202501689877 
-0.02123,-0.00094,-0.57780,0.81590 
0.01828,-0.04304,-0.00455 
0.77270,-0.08892,0.76896 
0.000000000000000,0.000000000000000,0.000000000000000 
 0.000000000000000,0.000000000000000,0.000000000000000 
 0.000000000000000,0.000000000000000,0.000000000000000 
0.000000000000000,0.000000000000000,0.000000000000000 
 0.000000000000000,0.000000000000000,0.000000000000000 
 0.000000000000000,0.000000000000000,0.000000000000000 
0.000000000000000,0.000000000000000,0.000000000000000 
 0.000000000000000,0.000000000000000,0.000000000000000 
 0.000000000000000,0.000000000000000,0.000000000000000 
-11.86455,4.23669,-0.17669 
0.01828,-0.04304,-0.00455 
