55.912206149206078,-3.318003519559206,145.286209106445312 
0.042600895230356,0.000000000000000,0.000000000000000 
 0.000000000000000,0.072190787454929,0.000000000000000 
 0.000000000000000,0.000000000000000,0.191136604213682 
-0.02357,-0.00241,-0.57745,0.81608 
0.00284,0.00153,-0.00639 
0.63417,0.26069,0.04282 
0.000000000000000,0.000000000000000,0.000000000000000 
 0.000000000000000,0.000000000000000,0.000000000000000 
 0.000000000000000,0.000000000000000,0.000000000000000 
0.000000000000000,0.000000000000000,0.000000000000000 
 0.000000000000000,0.000000000000000,0.000000000000000 
 0.000000000000000,0.000000000000000,0.000000000000000 
0.000000000000000,0.000000000000000,0.000000000000000 
 0.000000000000000,0.000000000000000,0.000000000000000 
 0.000000000000000,0.000000000000000,0.000000000000000 
-11.99721,4.31717,-0.03219 
0.00284,0.00153,-0.00639 
