55.912195277880528,-3.317996566132584,145.295974731445312 
0.044001206083719,0.000000000000000,0.000000000000000 
 0.000000000000000,0.073645976062963,0.000000000000000 
 0.000000000000000,0.000000000000000,0.194018476742745 
-0.02201,-0.00141,-0.57693,0.81650 
0.01946,0.04254,-0.01218 
0.75369,-0.00119,-0.13677 
0.000000000000000,0.000000000000000,0.000000000000000 
 0.000000000000000,0.000000000000000,0.000000000000000 
 0.000000000000000,0.000000000000000,0.000000000000000 
0.000000000000000,0.000000000000000,0.000000000000000 
 0.000000000000000,0.000000000000000,0.000000000000000 
 0.000000000000000,0.000000000000000,0.000000000000000 
0.000000000000000,0.000000000000000,0.000000000000000 
 0.000000000000000,0.000000000000000,0.000000000000000 
 0.000000000000000,0.000000000000000,0.000000000000000 
-12.06516,4.33400,-0.07796 
0.01946,0.04254,-0.01218 
