55.911786089892679,-3.317666822830255,146.151565551757812 
0.033941499924810,0.000000000000000,0.000000000000000 
 0.000000000000000,0.061780464400095,0.000000000000000 
 0.000000000000000,0.000000000000000,0.169714140255994 
-0.00986,0.00087,-0.45795,0.88892 
-0.03372,-0.02396,-0.05323 
-2.04609,-0.53118,0.75417 
0.000000000000000,0.000000000000000,0.000000000000000 
 0.000000000000000,0.000000000000000,0.000000000000000 
 0.000000000000000,0.000000000000000,0.000000000000000 
0.000000000000000,0.000000000000000,0.000000000000000 
 0.000000000000000,0.000000000000000,0.000000000000000 
 0.000000000000000,0.000000000000000,0.000000000000000 
0.000000000000000,0.000000000000000,0.000000000000000 
 0.000000000000000,0.000000000000000,0.000000000000000 
 0.000000000000000,0.000000000000000,0.000000000000000 
-7.24770,5.01648,-0.73817 
-0.03372,-0.02396,-0.05323 
