55.911783365544935,-3.317662437553513,146.207748413085938 
0.034062019910394,0.000000000000000,0.000000000000000 
 0.000000000000000,0.061870172969552,0.000000000000000 
 0.000000000000000,0.000000000000000,0.169347119567420 
-0.01042,0.00067,-0.45690,0.88946 
-0.01650,-0.01617,-0.04739 
-2.31766,-0.22575,0.22179 
0.000000000000000,0.000000000000000,0.000000000000000 
 0.000000000000000,0.000000000000000,0.000000000000000 
 0.000000000000000,0.000000000000000,0.000000000000000 
0.000000000000000,0.000000000000000,0.000000000000000 
 0.000000000000000,0.000000000000000,0.000000000000000 
 0.000000000000000,0.000000000000000,0.000000000000000 
0.000000000000000,0.000000000000000,0.000000000000000 
 0.000000000000000,0.000000000000000,0.000000000000000 
 0.000000000000000,0.000000000000000,0.000000000000000 
-7.10321,4.99902,-0.72625 
-0.01650,-0.01617,-0.04739 
