55.911774118368612,-3.317650379417986,146.228576660156250 
0.034409104141357,0.000000000000000,0.000000000000000 
 0.000000000000000,0.062126547843608,0.000000000000000 
 0.000000000000000,0.000000000000000,0.170194799549997 
-0.00752,0.00219,-0.45374,0.89110 
0.01464,0.05909,-0.04582 
-2.63335,-0.01905,0.56434 
0.000000000000000,0.000000000000000,0.000000000000000 
 0.000000000000000,0.000000000000000,0.000000000000000 
 0.000000000000000,0.000000000000000,0.000000000000000 
0.000000000000000,0.000000000000000,0.000000000000000 
 0.000000000000000,0.000000000000000,0.000000000000000 
 0.000000000000000,0.000000000000000,0.000000000000000 
0.000000000000000,0.000000000000000,0.000000000000000 
 0.000000000000000,0.000000000000000,0.000000000000000 
 0.000000000000000,0.000000000000000,0.000000000000000 
-6.78634,4.82110,-0.62732 
0.01464,0.05909,-0.04582 
