55.911721507828659,-3.317577227197063,146.754882812500000 
0.036170695275521,0.000000000000000,0.000000000000000 
 0.000000000000000,0.064116832575288,0.000000000000000 
 0.000000000000000,0.000000000000000,0.174924457292050 
-0.00937,0.00166,-0.44495,0.89551 
-0.01809,0.00081,-0.00744 
-0.81484,0.50677,-0.86102 
0.000000000000000,0.000000000000000,0.000000000000000 
 0.000000000000000,0.000000000000000,0.000000000000000 
 0.000000000000000,0.000000000000000,0.000000000000000 
0.000000000000000,0.000000000000000,0.000000000000000 
 0.000000000000000,0.000000000000000,0.000000000000000 
 0.000000000000000,0.000000000000000,0.000000000000000 
0.000000000000000,0.000000000000000,0.000000000000000 
 0.000000000000000,0.000000000000000,0.000000000000000 
 0.000000000000000,0.000000000000000,0.000000000000000 
-4.21063,3.22009,-0.38871 
-0.01809,0.00081,-0.00744 
