55.911626101049897,-3.317455739003047,147.264938354492188 
0.033431001278414,0.000000000000000,0.000000000000000 
 0.000000000000000,0.065656590823298,0.000000000000000 
 0.000000000000000,0.000000000000000,0.177375354465924 
-0.01245,-0.00244,-0.44991,0.89299 
-0.02182,0.02208,-0.00401 
0.91155,0.02491,1.21225 
0.000000000000000,0.000000000000000,0.000000000000000 
 0.000000000000000,0.000000000000000,0.000000000000000 
 0.000000000000000,0.000000000000000,0.000000000000000 
0.000000000000000,0.000000000000000,0.000000000000000 
 0.000000000000000,0.000000000000000,0.000000000000000 
 0.000000000000000,0.000000000000000,0.000000000000000 
0.000000000000000,0.000000000000000,0.000000000000000 
 0.000000000000000,0.000000000000000,0.000000000000000 
 0.000000000000000,0.000000000000000,0.000000000000000 
-3.83074,2.76181,-0.20605 
-0.02182,0.02208,-0.00401 
