55.911645886233238,-3.317481745571634,147.274841308593750 
0.034363174286284,0.000000000000000,0.000000000000000 
 0.000000000000000,0.066093537708426,0.000000000000000 
 0.000000000000000,0.000000000000000,0.177514678719181 
-0.01108,0.00100,-0.45175,0.89207 
0.00059,-0.13075,-0.00408 
0.76878,0.26105,0.41707 
0.000000000000000,0.000000000000000,0.000000000000000 
 0.000000000000000,0.000000000000000,0.000000000000000 
 0.000000000000000,0.000000000000000,0.000000000000000 
0.000000000000000,0.000000000000000,0.000000000000000 
 0.000000000000000,0.000000000000000,0.000000000000000 
 0.000000000000000,0.000000000000000,0.000000000000000 
0.000000000000000,0.000000000000000,0.000000000000000 
 0.000000000000000,0.000000000000000,0.000000000000000 
 0.000000000000000,0.000000000000000,0.000000000000000 
-3.57496,2.48526,-0.11342 
0.00059,-0.13075,-0.00408 
