55.911632970822183,-3.317464397425759,147.276657104492188 
0.033706796355673,0.000000000000000,0.000000000000000 
 0.000000000000000,0.065778677366325,0.000000000000000 
 0.000000000000000,0.000000000000000,0.176735427992472 
-0.01229,-0.00650,-0.45063,0.89260 
0.00429,0.06799,-0.01034 
0.86290,-0.02866,-0.38385 
0.000000000000000,0.000000000000000,0.000000000000000 
 0.000000000000000,0.000000000000000,0.000000000000000 
 0.000000000000000,0.000000000000000,0.000000000000000 
0.000000000000000,0.000000000000000,0.000000000000000 
 0.000000000000000,0.000000000000000,0.000000000000000 
 0.000000000000000,0.000000000000000,0.000000000000000 
0.000000000000000,0.000000000000000,0.000000000000000 
 0.000000000000000,0.000000000000000,0.000000000000000 
 0.000000000000000,0.000000000000000,0.000000000000000 
-3.73118,2.69386,-0.26878 
0.00429,0.06799,-0.01034 
