55.911565895973176,-3.317374432378623,147.408004760742188 
0.033107994297908,0.000000000000000,0.000000000000000 
 0.000000000000000,0.065183484719712,0.000000000000000 
 0.000000000000000,0.000000000000000,0.176879865250869 
-0.00016,0.00054,-0.44447,0.89579 
-0.00854,0.00494,-0.03658 
1.10242,-0.07831,0.55980 
0.000000000000000,0.000000000000000,0.000000000000000 
 0.000000000000000,0.000000000000000,0.000000000000000 
 0.000000000000000,0.000000000000000,0.000000000000000 
0.000000000000000,0.000000000000000,0.000000000000000 
 0.000000000000000,0.000000000000000,0.000000000000000 
 0.000000000000000,0.000000000000000,0.000000000000000 
0.000000000000000,0.000000000000000,0.000000000000000 
 0.000000000000000,0.000000000000000,0.000000000000000 
 0.000000000000000,0.000000000000000,0.000000000000000 
-5.04756,3.73240,-0.18000 
-0.00854,0.00494,-0.03658 
