55.911547797939683,-3.317347342561419,147.100265502929688 
0.033250781514221,0.000000000000000,0.000000000000000 
 0.000000000000000,0.064994435600739,0.000000000000000 
 0.000000000000000,0.000000000000000,0.175523665137817 
-0.00008,0.00565,-0.43726,0.89932 
0.01660,0.00405,-0.03551 
1.37283,-0.24823,0.34255 
0.000000000000000,0.000000000000000,0.000000000000000 
 0.000000000000000,0.000000000000000,0.000000000000000 
 0.000000000000000,0.000000000000000,0.000000000000000 
0.000000000000000,0.000000000000000,0.000000000000000 
 0.000000000000000,0.000000000000000,0.000000000000000 
 0.000000000000000,0.000000000000000,0.000000000000000 
0.000000000000000,0.000000000000000,0.000000000000000 
 0.000000000000000,0.000000000000000,0.000000000000000 
 0.000000000000000,0.000000000000000,0.000000000000000 
-5.35690,4.22781,0.06079 
0.01660,0.00405,-0.03551 
