55.911506504406013,-3.317282348493522,147.560348510742188 
0.034709953306793,0.000000000000000,0.000000000000000 
 0.000000000000000,0.066502802626517,0.000000000000000 
 0.000000000000000,0.000000000000000,0.177183292732380 
0.00063,0.00645,-0.42709,0.90419 
-0.00516,-0.00897,-0.01808 
1.23289,-0.26348,-0.52911 
0.000000000000000,0.000000000000000,0.000000000000000 
 0.000000000000000,0.000000000000000,0.000000000000000 
 0.000000000000000,0.000000000000000,0.000000000000000 
0.000000000000000,0.000000000000000,0.000000000000000 
 0.000000000000000,0.000000000000000,0.000000000000000 
 0.000000000000000,0.000000000000000,0.000000000000000 
0.000000000000000,0.000000000000000,0.000000000000000 
 0.000000000000000,0.000000000000000,0.000000000000000 
 0.000000000000000,0.000000000000000,0.000000000000000 
-6.11709,4.98792,-0.28277 
-0.00516,-0.00897,-0.01808 
