55.911346033078217,-3.317042002857263,148.168029785156250 
0.037572234519922,0.000000000000000,0.000000000000000 
 0.000000000000000,0.069123051557668,0.000000000000000 
 0.000000000000000,0.000000000000000,0.180266411534761 
-0.00914,0.00737,-0.43176,0.90191 
-0.01331,-0.01306,0.00074 
-0.75207,0.50346,-0.26647 
0.000000000000000,0.000000000000000,0.000000000000000 
 0.000000000000000,0.000000000000000,0.000000000000000 
 0.000000000000000,0.000000000000000,0.000000000000000 
0.000000000000000,0.000000000000000,0.000000000000000 
 0.000000000000000,0.000000000000000,0.000000000000000 
 0.000000000000000,0.000000000000000,0.000000000000000 
0.000000000000000,0.000000000000000,0.000000000000000 
 0.000000000000000,0.000000000000000,0.000000000000000 
 0.000000000000000,0.000000000000000,0.000000000000000 
-7.90769,6.18691,-0.17836 
-0.01331,-0.01306,0.00074 
