55.911251122436965,-3.316899872527041,148.639511108398438 
0.036022521888953,0.000000000000000,0.000000000000000 
 0.000000000000000,0.068725789033949,0.000000000000000 
 0.000000000000000,0.000000000000000,0.179692353943538 
-0.01799,0.01602,-0.43552,0.89986 
-0.02631,-0.04670,0.00121 
0.27003,-0.33384,0.54844 
0.000000000000000,0.000000000000000,0.000000000000000 
 0.000000000000000,0.000000000000000,0.000000000000000 
 0.000000000000000,0.000000000000000,0.000000000000000 
0.000000000000000,0.000000000000000,0.000000000000000 
 0.000000000000000,0.000000000000000,0.000000000000000 
 0.000000000000000,0.000000000000000,0.000000000000000 
0.000000000000000,0.000000000000000,0.000000000000000 
 0.000000000000000,0.000000000000000,0.000000000000000 
 0.000000000000000,0.000000000000000,0.000000000000000 
-7.92362,6.20145,-0.24078 
-0.02631,-0.04670,0.00121 
