55.911028657107281,-3.316589171271209,149.678619384765625 
0.035691027718167,0.000000000000000,0.000000000000000 
 0.000000000000000,0.068264295149562,0.000000000000000 
 0.000000000000000,0.000000000000000,0.181595562426310 
-0.01141,0.01285,-0.44037,0.89765 
0.00056,0.03652,0.00793 
-1.36391,0.63522,-0.03511 
0.000000000000000,0.000000000000000,0.000000000000000 
 0.000000000000000,0.000000000000000,0.000000000000000 
 0.000000000000000,0.000000000000000,0.000000000000000 
0.000000000000000,0.000000000000000,0.000000000000000 
 0.000000000000000,0.000000000000000,0.000000000000000 
 0.000000000000000,0.000000000000000,0.000000000000000 
0.000000000000000,0.000000000000000,0.000000000000000 
 0.000000000000000,0.000000000000000,0.000000000000000 
 0.000000000000000,0.000000000000000,0.000000000000000 
-6.83736,5.19141,-0.32382 
0.00056,0.03652,0.00793 
