55.911094966265786,-3.316682745418471,149.312179565429688 
0.036158549807741,0.000000000000000,0.000000000000000 
 0.000000000000000,0.068845362112771,0.000000000000000 
 0.000000000000000,0.000000000000000,0.181062504611905 
-0.01338,0.01347,-0.43981,0.89789 
-0.00922,0.07605,-0.00165 
-1.14199,0.26510,0.20158 
0.000000000000000,0.000000000000000,0.000000000000000 
 0.000000000000000,0.000000000000000,0.000000000000000 
 0.000000000000000,0.000000000000000,0.000000000000000 
0.000000000000000,0.000000000000000,0.000000000000000 
 0.000000000000000,0.000000000000000,0.000000000000000 
 0.000000000000000,0.000000000000000,0.000000000000000 
0.000000000000000,0.000000000000000,0.000000000000000 
 0.000000000000000,0.000000000000000,0.000000000000000 
 0.000000000000000,0.000000000000000,0.000000000000000 
-8.11544,6.20368,-0.17547 
-0.00922,0.07605,-0.00165 
