55.911074577532538,-3.316652781661062,149.474716186523438 
0.035331241072294,0.000000000000000,0.000000000000000 
 0.000000000000000,0.068099739354821,0.000000000000000 
 0.000000000000000,0.000000000000000,0.180032273027791 
-0.01245,0.01260,-0.43991,0.89786 
0.00167,-0.03522,0.00161 
-1.29499,-0.19476,1.06834 
0.000000000000000,0.000000000000000,0.000000000000000 
 0.000000000000000,0.000000000000000,0.000000000000000 
 0.000000000000000,0.000000000000000,0.000000000000000 
0.000000000000000,0.000000000000000,0.000000000000000 
 0.000000000000000,0.000000000000000,0.000000000000000 
 0.000000000000000,0.000000000000000,0.000000000000000 
0.000000000000000,0.000000000000000,0.000000000000000 
 0.000000000000000,0.000000000000000,0.000000000000000 
 0.000000000000000,0.000000000000000,0.000000000000000 
-7.66718,5.93768,-0.40689 
0.00167,-0.03522,0.00161 
