55.910980667715066,-3.316520585195496,150.093688964843750 
0.037111934665220,0.000000000000000,0.000000000000000 
 0.000000000000000,0.068902191430490,0.000000000000000 
 0.000000000000000,0.000000000000000,0.181016930825536 
-0.00673,0.00541,-0.44252,0.89672 
0.02633,-0.02394,0.00509 
-1.17351,0.01253,0.14508 
0.000000000000000,0.000000000000000,0.000000000000000 
 0.000000000000000,0.000000000000000,0.000000000000000 
 0.000000000000000,0.000000000000000,0.000000000000000 
0.000000000000000,0.000000000000000,0.000000000000000 
 0.000000000000000,0.000000000000000,0.000000000000000 
 0.000000000000000,0.000000000000000,0.000000000000000 
0.000000000000000,0.000000000000000,0.000000000000000 
 0.000000000000000,0.000000000000000,0.000000000000000 
 0.000000000000000,0.000000000000000,0.000000000000000 
-6.05693,4.67150,-0.43659 
0.02633,-0.02394,0.00509 
