55.910913466173959,-3.316412875534161,150.525299072265625 
0.038223006427870,0.000000000000000,0.000000000000000 
 0.000000000000000,0.069581380899643,0.000000000000000 
 0.000000000000000,0.000000000000000,0.182782657408907 
-0.00442,-0.00482,-0.39673,0.91791 
-0.04934,-0.00889,-0.19400 
-0.51110,-1.51451,0.47495 
0.000000000000000,0.000000000000000,0.000000000000000 
 0.000000000000000,0.000000000000000,0.000000000000000 
 0.000000000000000,0.000000000000000,0.000000000000000 
0.000000000000000,0.000000000000000,0.000000000000000 
 0.000000000000000,0.000000000000000,0.000000000000000 
 0.000000000000000,0.000000000000000,0.000000000000000 
0.000000000000000,0.000000000000000,0.000000000000000 
 0.000000000000000,0.000000000000000,0.000000000000000 
 0.000000000000000,0.000000000000000,0.000000000000000 
-4.43548,4.62712,-0.25862 
-0.04934,-0.00889,-0.19400 
