55.910923598903771,-3.316431437869142,150.440612792968750 
0.037873278160078,0.000000000000000,0.000000000000000 
 0.000000000000000,0.069496850005479,0.000000000000000 
 0.000000000000000,0.000000000000000,0.183474787879484 
-0.00062,-0.00439,-0.41749,0.90867 
-0.00883,-0.01648,-0.15861 
-0.65066,-1.06311,0.00398 
0.000000000000000,0.000000000000000,0.000000000000000 
 0.000000000000000,0.000000000000000,0.000000000000000 
 0.000000000000000,0.000000000000000,0.000000000000000 
0.000000000000000,0.000000000000000,0.000000000000000 
 0.000000000000000,0.000000000000000,0.000000000000000 
 0.000000000000000,0.000000000000000,0.000000000000000 
0.000000000000000,0.000000000000000,0.000000000000000 
 0.000000000000000,0.000000000000000,0.000000000000000 
 0.000000000000000,0.000000000000000,0.000000000000000 
-4.81140,4.45948,-0.27026 
-0.00883,-0.01648,-0.15861 
