55.911402080644692,-3.315016632686565,150.202987670898438 
0.034423451416182,0.000000000000000,0.000000000000000 
 0.000000000000000,0.066590030483212,0.000000000000000 
 0.000000000000000,0.000000000000000,0.184584840335958 
-0.00442,-0.02668,0.31895,0.94738 
0.00011,-0.02750,0.01541 
-0.21981,0.24627,-0.04809 
0.000000000000000,0.000000000000000,0.000000000000000 
 0.000000000000000,0.000000000000000,0.000000000000000 
 0.000000000000000,0.000000000000000,0.000000000000000 
0.000000000000000,0.000000000000000,0.000000000000000 
 0.000000000000000,0.000000000000000,0.000000000000000 
 0.000000000000000,0.000000000000000,0.000000000000000 
0.000000000000000,0.000000000000000,0.000000000000000 
 0.000000000000000,0.000000000000000,0.000000000000000 
 0.000000000000000,0.000000000000000,0.000000000000000 
6.44266,7.94807,0.16780 
0.00011,-0.02750,0.01541 
