55.911456377820663,-3.314893248136509,149.719604492187500 
0.030764884282100,0.000000000000000,0.000000000000000 
 0.000000000000000,0.064268769853015,0.000000000000000 
 0.000000000000000,0.000000000000000,0.182084611522598 
-0.00968,-0.02907,0.31988,0.94696 
-0.02262,0.00415,-0.00674 
-0.46372,-0.04507,-0.24568 
0.000000000000000,0.000000000000000,0.000000000000000 
 0.000000000000000,0.000000000000000,0.000000000000000 
 0.000000000000000,0.000000000000000,0.000000000000000 
0.000000000000000,0.000000000000000,0.000000000000000 
 0.000000000000000,0.000000000000000,0.000000000000000 
 0.000000000000000,0.000000000000000,0.000000000000000 
0.000000000000000,0.000000000000000,0.000000000000000 
 0.000000000000000,0.000000000000000,0.000000000000000 
 0.000000000000000,0.000000000000000,0.000000000000000 
6.43284,7.95022,0.29047 
-0.02262,0.00415,-0.00674 
