55.912544805467789,-3.313060557255058,146.891983032226562 
0.031030558101774,0.000000000000000,0.000000000000000 
 0.000000000000000,0.059657756540333,0.000000000000000 
 0.000000000000000,0.000000000000000,0.172032527154929 
0.02281,-0.01313,0.59325,0.80459 
0.00552,-0.00153,0.06277 
0.31672,1.04376,-0.34483 
0.000000000000000,0.000000000000000,0.000000000000000 
 0.000000000000000,0.000000000000000,0.000000000000000 
 0.000000000000000,0.000000000000000,0.000000000000000 
0.000000000000000,0.000000000000000,0.000000000000000 
 0.000000000000000,0.000000000000000,0.000000000000000 
 0.000000000000000,0.000000000000000,0.000000000000000 
0.000000000000000,0.000000000000000,0.000000000000000 
 0.000000000000000,0.000000000000000,0.000000000000000 
 0.000000000000000,0.000000000000000,0.000000000000000 
14.18710,3.84250,0.24954 
0.00552,-0.00153,0.06277 
