55.911950783182334,-3.313797407733181,147.063980102539062 
0.029930358713550,0.000000000000000,0.000000000000000 
 0.000000000000000,0.060228238016278,0.000000000000000 
 0.000000000000000,0.000000000000000,0.172488977024309 
-0.00515,-0.03050,0.31832,0.94748 
0.02644,0.04498,0.00088 
0.42318,0.27050,-0.46159 
0.000000000000000,0.000000000000000,0.000000000000000 
 0.000000000000000,0.000000000000000,0.000000000000000 
 0.000000000000000,0.000000000000000,0.000000000000000 
0.000000000000000,0.000000000000000,0.000000000000000 
 0.000000000000000,0.000000000000000,0.000000000000000 
 0.000000000000000,0.000000000000000,0.000000000000000 
0.000000000000000,0.000000000000000,0.000000000000000 
 0.000000000000000,0.000000000000000,0.000000000000000 
 0.000000000000000,0.000000000000000,0.000000000000000 
7.56965,9.13062,0.18172 
0.02644,0.04498,0.00088 
