55.912614906607104,-3.313022786812162,146.868148803710938 
0.030843322865125,0.000000000000000,0.000000000000000 
 0.000000000000000,0.059084781070248,0.000000000000000 
 0.000000000000000,0.000000000000000,0.171029485065223 
0.02486,-0.01511,0.57528,0.81744 
0.01440,-0.00677,0.08248 
-0.37833,1.23724,0.44448 
0.000000000000000,0.000000000000000,0.000000000000000 
 0.000000000000000,0.000000000000000,0.000000000000000 
 0.000000000000000,0.000000000000000,0.000000000000000 
0.000000000000000,0.000000000000000,0.000000000000000 
 0.000000000000000,0.000000000000000,0.000000000000000 
 0.000000000000000,0.000000000000000,0.000000000000000 
0.000000000000000,0.000000000000000,0.000000000000000 
 0.000000000000000,0.000000000000000,0.000000000000000 
 0.000000000000000,0.000000000000000,0.000000000000000 
13.86683,4.49643,0.22680 
0.01440,-0.00677,0.08248 
