55.913337700974651,-3.312945354304785,145.400024414062500 
0.034309750589935,0.000000000000000,0.000000000000000 
 0.000000000000000,0.059626962226053,0.000000000000000 
 0.000000000000000,0.000000000000000,0.173404038474815 
-0.01706,0.01659,-0.79646,-0.60422 
0.01026,0.00617,-0.02577 
1.13844,-0.22935,-0.21538 
0.000000000000000,0.000000000000000,0.000000000000000 
 0.000000000000000,0.000000000000000,0.000000000000000 
 0.000000000000000,0.000000000000000,0.000000000000000 
0.000000000000000,0.000000000000000,0.000000000000000 
 0.000000000000000,0.000000000000000,0.000000000000000 
 0.000000000000000,0.000000000000000,0.000000000000000 
0.000000000000000,0.000000000000000,0.000000000000000 
 0.000000000000000,0.000000000000000,0.000000000000000 
 0.000000000000000,0.000000000000000,0.000000000000000 
15.17277,-5.02452,0.34233 
0.01026,0.00617,-0.02577 
