55.912834580692916,-3.312882403177452,146.706237792968750 
0.031086126114747,0.000000000000000,0.000000000000000 
 0.000000000000000,0.057834402992442,0.000000000000000 
 0.000000000000000,0.000000000000000,0.171128000347043 
0.01670,-0.02783,0.56187,0.82659 
0.05637,0.01587,-0.08015 
-0.40728,-0.64429,-0.48523 
0.000000000000000,0.000000000000000,0.000000000000000 
 0.000000000000000,0.000000000000000,0.000000000000000 
 0.000000000000000,0.000000000000000,0.000000000000000 
0.000000000000000,0.000000000000000,0.000000000000000 
 0.000000000000000,0.000000000000000,0.000000000000000 
 0.000000000000000,0.000000000000000,0.000000000000000 
0.000000000000000,0.000000000000000,0.000000000000000 
 0.000000000000000,0.000000000000000,0.000000000000000 
 0.000000000000000,0.000000000000000,0.000000000000000 
12.66324,4.51751,0.33376 
0.05637,0.01587,-0.08015 
