55.913939742465473,-3.313356558181069,146.207885742187500 
0.036041914505810,0.000000000000000,0.000000000000000 
 0.000000000000000,0.062146628127735,0.000000000000000 
 0.000000000000000,0.000000000000000,0.175601585458040 
-0.01640,0.02125,-0.81117,-0.58420 
-0.00459,0.00535,-0.01244 
-0.33389,-0.24782,0.07495 
0.000000000000000,0.000000000000000,0.000000000000000 
 0.000000000000000,0.000000000000000,0.000000000000000 
 0.000000000000000,0.000000000000000,0.000000000000000 
0.000000000000000,0.000000000000000,0.000000000000000 
 0.000000000000000,0.000000000000000,0.000000000000000 
 0.000000000000000,0.000000000000000,0.000000000000000 
0.000000000000000,0.000000000000000,0.000000000000000 
 0.000000000000000,0.000000000000000,0.000000000000000 
 0.000000000000000,0.000000000000000,0.000000000000000 
16.03889,-6.34002,-0.12103 
-0.00459,0.00535,-0.01244 
