55.914122030516793,-3.313474067942642,144.447570800781250 
0.036143216446981,0.000000000000000,0.000000000000000 
 0.000000000000000,0.063107139955068,0.000000000000000 
 0.000000000000000,0.000000000000000,0.173991091448245 
-0.01537,0.01978,-0.81403,-0.58028 
0.00168,0.01150,-0.00029 
-0.43423,-0.01415,-0.43382 
0.000000000000000,0.000000000000000,0.000000000000000 
 0.000000000000000,0.000000000000000,0.000000000000000 
 0.000000000000000,0.000000000000000,0.000000000000000 
0.000000000000000,0.000000000000000,0.000000000000000 
 0.000000000000000,0.000000000000000,0.000000000000000 
 0.000000000000000,0.000000000000000,0.000000000000000 
0.000000000000000,0.000000000000000,0.000000000000000 
 0.000000000000000,0.000000000000000,0.000000000000000 
 0.000000000000000,0.000000000000000,0.000000000000000 
15.75534,-6.20054,0.32010 
0.00168,0.01150,-0.00029 
