55.913924670198270,-3.313347650941719,146.424743652343750 
0.036346042278056,0.000000000000000,0.000000000000000 
 0.000000000000000,0.062444684233243,0.000000000000000 
 0.000000000000000,0.000000000000000,0.176151064163040 
-0.01663,0.02116,-0.81081,-0.58470 
-0.01218,0.00255,-0.01196 
-0.37828,-0.20798,0.16332 
0.000000000000000,0.000000000000000,0.000000000000000 
 0.000000000000000,0.000000000000000,0.000000000000000 
 0.000000000000000,0.000000000000000,0.000000000000000 
0.000000000000000,0.000000000000000,0.000000000000000 
 0.000000000000000,0.000000000000000,0.000000000000000 
 0.000000000000000,0.000000000000000,0.000000000000000 
0.000000000000000,0.000000000000000,0.000000000000000 
 0.000000000000000,0.000000000000000,0.000000000000000 
 0.000000000000000,0.000000000000000,0.000000000000000 
15.93715,-6.43403,-0.26965 
-0.01218,0.00255,-0.01196 
