55.914778429422022,-3.313893822859119,143.173431396484375 
0.037486989203704,0.000000000000000,0.000000000000000 
 0.000000000000000,0.065163657570370,0.000000000000000 
 0.000000000000000,0.000000000000000,0.176320214807536 
0.00490,0.02175,-0.75602,-0.65417 
0.03563,-0.00982,0.12604 
-0.44073,1.72943,-0.02065 
0.000000000000000,0.000000000000000,0.000000000000000 
 0.000000000000000,0.000000000000000,0.000000000000000 
 0.000000000000000,0.000000000000000,0.000000000000000 
0.000000000000000,0.000000000000000,0.000000000000000 
 0.000000000000000,0.000000000000000,0.000000000000000 
 0.000000000000000,0.000000000000000,0.000000000000000 
0.000000000000000,0.000000000000000,0.000000000000000 
 0.000000000000000,0.000000000000000,0.000000000000000 
 0.000000000000000,0.000000000000000,0.000000000000000 
12.52805,-2.35050,-0.32043 
0.03563,-0.00982,0.12604 
