55.914766948965941,-3.313890516239842,143.147048950195312 
0.037395696916875,0.000000000000000,0.000000000000000 
 0.000000000000000,0.064954462093997,0.000000000000000 
 0.000000000000000,0.000000000000000,0.176056615351289 
0.00589,0.02311,-0.76012,-0.64934 
0.03985,-0.00866,0.12686 
-0.48934,1.67444,0.12118 
0.000000000000000,0.000000000000000,0.000000000000000 
 0.000000000000000,0.000000000000000,0.000000000000000 
 0.000000000000000,0.000000000000000,0.000000000000000 
0.000000000000000,0.000000000000000,0.000000000000000 
 0.000000000000000,0.000000000000000,0.000000000000000 
 0.000000000000000,0.000000000000000,0.000000000000000 
0.000000000000000,0.000000000000000,0.000000000000000 
 0.000000000000000,0.000000000000000,0.000000000000000 
 0.000000000000000,0.000000000000000,0.000000000000000 
12.52379,-2.56382,-0.30561 
0.03985,-0.00866,0.12686 
