55.914716418674935,-3.313870295426028,143.138183593750000 
0.036515525793412,0.000000000000000,0.000000000000000 
 0.000000000000000,0.063824022674922,0.000000000000000 
 0.000000000000000,0.000000000000000,0.173967721546853 
0.00537,0.02640,-0.77883,-0.62665 
-0.00092,0.02193,0.12908 
-0.69548,1.55589,-0.06384 
0.000000000000000,0.000000000000000,0.000000000000000 
 0.000000000000000,0.000000000000000,0.000000000000000 
 0.000000000000000,0.000000000000000,0.000000000000000 
0.000000000000000,0.000000000000000,0.000000000000000 
 0.000000000000000,0.000000000000000,0.000000000000000 
 0.000000000000000,0.000000000000000,0.000000000000000 
0.000000000000000,0.000000000000000,0.000000000000000 
 0.000000000000000,0.000000000000000,0.000000000000000 
 0.000000000000000,0.000000000000000,0.000000000000000 
12.77672,-3.41786,-0.34043 
-0.00092,0.02193,0.12908 
