55.914890157812216,-3.313915376049795,143.254776000976562 
0.037519263070067,0.000000000000000,0.000000000000000 
 0.000000000000000,0.066760022033173,0.000000000000000 
 0.000000000000000,0.000000000000000,0.179069090974338 
-0.00026,0.01835,-0.71670,-0.69714 
-0.00573,0.00248,0.12388 
-0.88012,1.51718,0.16038 
0.000000000000000,0.000000000000000,0.000000000000000 
 0.000000000000000,0.000000000000000,0.000000000000000 
 0.000000000000000,0.000000000000000,0.000000000000000 
0.000000000000000,0.000000000000000,0.000000000000000 
 0.000000000000000,0.000000000000000,0.000000000000000 
 0.000000000000000,0.000000000000000,0.000000000000000 
0.000000000000000,0.000000000000000,0.000000000000000 
 0.000000000000000,0.000000000000000,0.000000000000000 
 0.000000000000000,0.000000000000000,0.000000000000000 
12.15190,-0.79778,-0.23370 
-0.00573,0.00248,0.12388 
