55.914958834235620,-3.313916176717281,143.128540039062500 
0.036980049089117,0.000000000000000,0.000000000000000 
 0.000000000000000,0.067396917413593,0.000000000000000 
 0.000000000000000,0.000000000000000,0.179819163551692 
0.00056,-0.01872,0.68539,0.72794 
0.01177,-0.01403,0.13173 
-1.48699,1.49784,0.00571 
0.000000000000000,0.000000000000000,0.000000000000000 
 0.000000000000000,0.000000000000000,0.000000000000000 
 0.000000000000000,0.000000000000000,0.000000000000000 
0.000000000000000,0.000000000000000,0.000000000000000 
 0.000000000000000,0.000000000000000,0.000000000000000 
 0.000000000000000,0.000000000000000,0.000000000000000 
0.000000000000000,0.000000000000000,0.000000000000000 
 0.000000000000000,0.000000000000000,0.000000000000000 
 0.000000000000000,0.000000000000000,0.000000000000000 
11.33934,0.27235,-0.18937 
0.01177,-0.01403,0.13173 
