55.915182907387759,-3.313924975838404,142.566314697265625 
0.035462456589759,0.000000000000000,0.000000000000000 
 0.000000000000000,0.067445204664697,0.000000000000000 
 0.000000000000000,0.000000000000000,0.179864535761997 
-0.02192,-0.00103,-0.77136,-0.63602 
0.00945,0.00472,-0.24182 
-0.17453,-2.40351,0.05383 
0.000000000000000,0.000000000000000,0.000000000000000 
 0.000000000000000,0.000000000000000,0.000000000000000 
 0.000000000000000,0.000000000000000,0.000000000000000 
0.000000000000000,0.000000000000000,0.000000000000000 
 0.000000000000000,0.000000000000000,0.000000000000000 
 0.000000000000000,0.000000000000000,0.000000000000000 
0.000000000000000,0.000000000000000,0.000000000000000 
 0.000000000000000,0.000000000000000,0.000000000000000 
 0.000000000000000,0.000000000000000,0.000000000000000 
9.39214,-2.55743,0.00994 
0.00945,0.00472,-0.24182 
