55.915291061521565,-3.314002468295430,142.488128662109375 
0.034840472800796,0.000000000000000,0.000000000000000 
 0.000000000000000,0.065769841768773,0.000000000000000 
 0.000000000000000,0.000000000000000,0.177853789619520 
-0.02051,0.00074,-0.83016,-0.55715 
-0.01833,0.00064,-0.00145 
0.00718,-0.10390,-0.50120 
0.000000000000000,0.000000000000000,0.000000000000000 
 0.000000000000000,0.000000000000000,0.000000000000000 
 0.000000000000000,0.000000000000000,0.000000000000000 
0.000000000000000,0.000000000000000,0.000000000000000 
 0.000000000000000,0.000000000000000,0.000000000000000 
 0.000000000000000,0.000000000000000,0.000000000000000 
0.000000000000000,0.000000000000000,0.000000000000000 
 0.000000000000000,0.000000000000000,0.000000000000000 
 0.000000000000000,0.000000000000000,0.000000000000000 
8.59492,-4.20123,0.02520 
-0.01833,0.00064,-0.00145 
