55.915271377357719,-3.313986524033157,142.526824951171875 
0.034937828230534,0.000000000000000,0.000000000000000 
 0.000000000000000,0.066073388766129,0.000000000000000 
 0.000000000000000,0.000000000000000,0.177891823777884 
-0.01740,0.00212,-0.82776,-0.56080 
0.03629,-0.06619,-0.07163 
0.08773,-0.67121,0.91313 
0.000000000000000,0.000000000000000,0.000000000000000 
 0.000000000000000,0.000000000000000,0.000000000000000 
 0.000000000000000,0.000000000000000,0.000000000000000 
0.000000000000000,0.000000000000000,0.000000000000000 
 0.000000000000000,0.000000000000000,0.000000000000000 
 0.000000000000000,0.000000000000000,0.000000000000000 
0.000000000000000,0.000000000000000,0.000000000000000 
 0.000000000000000,0.000000000000000,0.000000000000000 
 0.000000000000000,0.000000000000000,0.000000000000000 
8.59031,-4.17891,-0.12062 
0.03629,-0.06619,-0.07163 
