55.915161625608135,-3.313915955845250,142.612365722656250 
0.035541481306666,0.000000000000000,0.000000000000000 
 0.000000000000000,0.067594664106764,0.000000000000000 
 0.000000000000000,0.000000000000000,0.179839030567245 
-0.02038,0.00377,-0.75159,-0.65930 
0.01430,0.00425,-0.24044 
-0.34478,-2.50283,0.11865 
0.000000000000000,0.000000000000000,0.000000000000000 
 0.000000000000000,0.000000000000000,0.000000000000000 
 0.000000000000000,0.000000000000000,0.000000000000000 
0.000000000000000,0.000000000000000,0.000000000000000 
 0.000000000000000,0.000000000000000,0.000000000000000 
 0.000000000000000,0.000000000000000,0.000000000000000 
0.000000000000000,0.000000000000000,0.000000000000000 
 0.000000000000000,0.000000000000000,0.000000000000000 
 0.000000000000000,0.000000000000000,0.000000000000000 
9.58036,-1.98550,0.06973 
0.01430,0.00425,-0.24044 
