55.915538925703864,-3.314013511424168,142.225662231445312 
0.033992949362105,0.000000000000000,0.000000000000000 
 0.000000000000000,0.063654730674504,0.000000000000000 
 0.000000000000000,0.000000000000000,0.174214477468454 
-0.02016,-0.03325,0.51428,0.85674 
0.08936,-0.00087,0.18980 
0.43464,2.24170,-0.56305 
0.000000000000000,0.000000000000000,0.000000000000000 
 0.000000000000000,0.000000000000000,0.000000000000000 
 0.000000000000000,0.000000000000000,0.000000000000000 
0.000000000000000,0.000000000000000,0.000000000000000 
 0.000000000000000,0.000000000000000,0.000000000000000 
 0.000000000000000,0.000000000000000,0.000000000000000 
0.000000000000000,0.000000000000000,0.000000000000000 
 0.000000000000000,0.000000000000000,0.000000000000000 
 0.000000000000000,0.000000000000000,0.000000000000000 
8.63057,4.55101,0.16360 
0.08936,-0.00087,0.18980 
