55.915582372546467,-3.313972150153162,142.078765869140625 
0.033699328129872,0.000000000000000,0.000000000000000 
 0.000000000000000,0.063479280918913,0.000000000000000 
 0.000000000000000,0.000000000000000,0.173834915849088 
-0.00395,-0.02054,0.50402,0.86344 
0.02522,0.01074,0.01907 
0.89712,0.30174,0.97807 
0.000000000000000,0.000000000000000,0.000000000000000 
 0.000000000000000,0.000000000000000,0.000000000000000 
 0.000000000000000,0.000000000000000,0.000000000000000 
0.000000000000000,0.000000000000000,0.000000000000000 
 0.000000000000000,0.000000000000000,0.000000000000000 
 0.000000000000000,0.000000000000000,0.000000000000000 
0.000000000000000,0.000000000000000,0.000000000000000 
 0.000000000000000,0.000000000000000,0.000000000000000 
 0.000000000000000,0.000000000000000,0.000000000000000 
8.93768,4.80569,0.12401 
0.02522,0.01074,0.01907 
