55.915590474638641,-3.313964463295646,142.048217773437500 
0.033641722049327,0.000000000000000,0.000000000000000 
 0.000000000000000,0.063442073139485,0.000000000000000 
 0.000000000000000,0.000000000000000,0.173645948462081 
-0.00223,-0.01913,0.50379,0.86361 
0.04935,-0.00028,0.00203 
0.75414,-0.00074,-0.68428 
0.000000000000000,0.000000000000000,0.000000000000000 
 0.000000000000000,0.000000000000000,0.000000000000000 
 0.000000000000000,0.000000000000000,0.000000000000000 
0.000000000000000,0.000000000000000,0.000000000000000 
 0.000000000000000,0.000000000000000,0.000000000000000 
 0.000000000000000,0.000000000000000,0.000000000000000 
0.000000000000000,0.000000000000000,0.000000000000000 
 0.000000000000000,0.000000000000000,0.000000000000000 
 0.000000000000000,0.000000000000000,0.000000000000000 
8.99897,4.84053,0.13717 
0.04935,-0.00028,0.00203 
