55.915880643639127,-3.313736848490278,141.304550170898438 
0.032196020774560,0.000000000000000,0.000000000000000 
 0.000000000000000,0.061849314700816,0.000000000000000 
 0.000000000000000,0.000000000000000,0.171873007706850 
-0.02396,-0.03349,0.51404,0.85677 
-0.02740,-0.02403,0.07951 
1.21567,1.01235,0.03093 
0.000000000000000,0.000000000000000,0.000000000000000 
 0.000000000000000,0.000000000000000,0.000000000000000 
 0.000000000000000,0.000000000000000,0.000000000000000 
0.000000000000000,0.000000000000000,0.000000000000000 
 0.000000000000000,0.000000000000000,0.000000000000000 
 0.000000000000000,0.000000000000000,0.000000000000000 
0.000000000000000,0.000000000000000,0.000000000000000 
 0.000000000000000,0.000000000000000,0.000000000000000 
 0.000000000000000,0.000000000000000,0.000000000000000 
12.43790,5.78755,0.14341 
-0.02740,-0.02403,0.07951 
