55.915777613567201,-3.313818242835013,141.514770507812500 
0.032676234109719,0.000000000000000,0.000000000000000 
 0.000000000000000,0.062354336712581,0.000000000000000 
 0.000000000000000,0.000000000000000,0.173292314795895 
-0.01531,-0.03017,0.53450,0.84449 
-0.03950,0.01994,0.03186 
1.20031,0.33051,-0.30163 
0.000000000000000,0.000000000000000,0.000000000000000 
 0.000000000000000,0.000000000000000,0.000000000000000 
 0.000000000000000,0.000000000000000,0.000000000000000 
0.000000000000000,0.000000000000000,0.000000000000000 
 0.000000000000000,0.000000000000000,0.000000000000000 
 0.000000000000000,0.000000000000000,0.000000000000000 
0.000000000000000,0.000000000000000,0.000000000000000 
 0.000000000000000,0.000000000000000,0.000000000000000 
 0.000000000000000,0.000000000000000,0.000000000000000 
11.59723,4.67663,0.18886 
-0.03950,0.01994,0.03186 
