55.916891908963009,-3.313046754936636,140.639389038085938 
0.031898119093416,0.000000000000000,0.000000000000000 
 0.000000000000000,0.059216749064550,0.000000000000000 
 0.000000000000000,0.000000000000000,0.167525562517029 
-0.01330,-0.02825,0.62469,0.78025 
-0.00913,0.00130,-0.02077 
-1.49009,-0.33624,0.52693 
0.000000000000000,0.000000000000000,0.000000000000000 
 0.000000000000000,0.000000000000000,0.000000000000000 
 0.000000000000000,0.000000000000000,0.000000000000000 
0.000000000000000,0.000000000000000,0.000000000000000 
 0.000000000000000,0.000000000000000,0.000000000000000 
 0.000000000000000,0.000000000000000,0.000000000000000 
0.000000000000000,0.000000000000000,0.000000000000000 
 0.000000000000000,0.000000000000000,0.000000000000000 
 0.000000000000000,0.000000000000000,0.000000000000000 
9.19154,1.43635,-0.17029 
-0.00913,0.00130,-0.02077 
