55.916942320847518,-3.313032501365647,140.659683227539062 
0.031849769980362,0.000000000000000,0.000000000000000 
 0.000000000000000,0.058957642121173,0.000000000000000 
 0.000000000000000,0.000000000000000,0.166918430801676 
-0.01397,-0.02662,0.62949,0.77642 
-0.00583,0.00428,-0.00821 
-1.15121,-0.04395,-0.58101 
0.000000000000000,0.000000000000000,0.000000000000000 
 0.000000000000000,0.000000000000000,0.000000000000000 
 0.000000000000000,0.000000000000000,0.000000000000000 
0.000000000000000,0.000000000000000,0.000000000000000 
 0.000000000000000,0.000000000000000,0.000000000000000 
 0.000000000000000,0.000000000000000,0.000000000000000 
0.000000000000000,0.000000000000000,0.000000000000000 
 0.000000000000000,0.000000000000000,0.000000000000000 
 0.000000000000000,0.000000000000000,0.000000000000000 
8.24074,1.20144,-0.14587 
-0.00583,0.00428,-0.00821 
