55.917043573910689,-3.313003368361916,140.632858276367188 
0.031647000228574,0.000000000000000,0.000000000000000 
 0.000000000000000,0.058345566733764,0.000000000000000 
 0.000000000000000,0.000000000000000,0.166739078806466 
-0.01153,-0.02520,0.62603,0.77930 
0.02736,0.00857,0.00774 
-0.87125,0.22193,0.17015 
0.000000000000000,0.000000000000000,0.000000000000000 
 0.000000000000000,0.000000000000000,0.000000000000000 
 0.000000000000000,0.000000000000000,0.000000000000000 
0.000000000000000,0.000000000000000,0.000000000000000 
 0.000000000000000,0.000000000000000,0.000000000000000 
 0.000000000000000,0.000000000000000,0.000000000000000 
0.000000000000000,0.000000000000000,0.000000000000000 
 0.000000000000000,0.000000000000000,0.000000000000000 
 0.000000000000000,0.000000000000000,0.000000000000000 
7.30513,1.20253,-0.08967 
0.02736,0.00857,0.00774 
