55.917006528017289,-3.313014369979695,140.638626098632812 
0.031692112682313,0.000000000000000,0.000000000000000 
 0.000000000000000,0.058553809023781,0.000000000000000 
 0.000000000000000,0.000000000000000,0.167196961785998 
-0.01412,-0.02769,0.62774,0.77780 
-0.00142,0.00972,0.00856 
-0.64006,-0.01393,0.03656 
0.000000000000000,0.000000000000000,0.000000000000000 
 0.000000000000000,0.000000000000000,0.000000000000000 
 0.000000000000000,0.000000000000000,0.000000000000000 
0.000000000000000,0.000000000000000,0.000000000000000 
 0.000000000000000,0.000000000000000,0.000000000000000 
 0.000000000000000,0.000000000000000,0.000000000000000 
0.000000000000000,0.000000000000000,0.000000000000000 
 0.000000000000000,0.000000000000000,0.000000000000000 
 0.000000000000000,0.000000000000000,0.000000000000000 
7.72632,1.21143,-0.09382 
-0.00142,0.00972,0.00856 
