55.917175840368557,-3.312966110399472,140.515914916992188 
0.031295629001056,0.000000000000000,0.000000000000000 
 0.000000000000000,0.057573857794765,0.000000000000000 
 0.000000000000000,0.000000000000000,0.165518952561129 
-0.00882,-0.02365,0.63291,0.77382 
0.00475,0.00146,-0.01184 
-0.94972,-0.07415,0.03507 
0.000000000000000,0.000000000000000,0.000000000000000 
 0.000000000000000,0.000000000000000,0.000000000000000 
 0.000000000000000,0.000000000000000,0.000000000000000 
0.000000000000000,0.000000000000000,0.000000000000000 
 0.000000000000000,0.000000000000000,0.000000000000000 
 0.000000000000000,0.000000000000000,0.000000000000000 
0.000000000000000,0.000000000000000,0.000000000000000 
 0.000000000000000,0.000000000000000,0.000000000000000 
 0.000000000000000,0.000000000000000,0.000000000000000 
3.83848,0.52148,-0.06693 
0.00475,0.00146,-0.01184 
