55.917231239953679,-3.312953270344148,140.144805908203125 
0.030083096089870,0.000000000000000,0.000000000000000 
 0.000000000000000,0.056462207375114,0.000000000000000 
 0.000000000000000,0.000000000000000,0.162762101119881 
-0.00611,-0.02019,0.64001,0.76808 
-0.00124,-0.00124,0.00011 
-0.10751,0.00756,-0.05890 
0.000000000000000,0.000000000000000,0.000000000000000 
 0.000000000000000,0.000000000000000,0.000000000000000 
 0.000000000000000,0.000000000000000,0.000000000000000 
0.000000000000000,0.000000000000000,0.000000000000000 
 0.000000000000000,0.000000000000000,0.000000000000000 
 0.000000000000000,0.000000000000000,0.000000000000000 
0.000000000000000,0.000000000000000,0.000000000000000 
 0.000000000000000,0.000000000000000,0.000000000000000 
 0.000000000000000,0.000000000000000,0.000000000000000 
0.00733,-0.02133,-0.00376 
-0.00124,-0.00124,0.00011 
