55.917230635980310,-3.312953075281185,140.290222167968750 
0.030542421799417,0.000000000000000,0.000000000000000 
 0.000000000000000,0.056777080640762,0.000000000000000 
 0.000000000000000,0.000000000000000,0.163938712241762 
-0.00577,-0.02227,0.63988,0.76813 
0.00129,-0.00105,-0.00404 
-1.26715,0.09720,0.00933 
0.000000000000000,0.000000000000000,0.000000000000000 
 0.000000000000000,0.000000000000000,0.000000000000000 
 0.000000000000000,0.000000000000000,0.000000000000000 
0.000000000000000,0.000000000000000,0.000000000000000 
 0.000000000000000,0.000000000000000,0.000000000000000 
 0.000000000000000,0.000000000000000,0.000000000000000 
0.000000000000000,0.000000000000000,0.000000000000000 
 0.000000000000000,0.000000000000000,0.000000000000000 
 0.000000000000000,0.000000000000000,0.000000000000000 
0.61606,0.02758,-0.01899 
0.00129,-0.00105,-0.00404 
