55.917230245376622,-3.312953366893240,139.975540161132812 
0.029667501867172,0.000000000000000,0.000000000000000 
 0.000000000000000,0.056222411747147,0.000000000000000 
 0.000000000000000,0.000000000000000,0.162774774014296 
-0.00613,-0.02011,0.63986,0.76820 
0.00089,0.00057,0.00014 
-0.01477,-0.01638,-0.02478 
0.000000000000000,0.000000000000000,0.000000000000000 
 0.000000000000000,0.000000000000000,0.000000000000000 
 0.000000000000000,0.000000000000000,0.000000000000000 
0.000000000000000,0.000000000000000,0.000000000000000 
 0.000000000000000,0.000000000000000,0.000000000000000 
 0.000000000000000,0.000000000000000,0.000000000000000 
0.000000000000000,0.000000000000000,0.000000000000000 
 0.000000000000000,0.000000000000000,0.000000000000000 
 0.000000000000000,0.000000000000000,0.000000000000000 
-0.01978,0.00210,0.01885 
0.00089,0.00057,0.00014 
