55.917228164007788,-3.312953796924354,139.585021972656250 
0.029397801800368,0.000000000000000,0.000000000000000 
 0.000000000000000,0.055944991591987,0.000000000000000 
 0.000000000000000,0.000000000000000,0.161412711608136 
-0.00586,-0.02055,0.63957,0.76844 
0.00087,0.00050,-0.00018 
0.00533,-0.01449,-0.00252 
0.000000000000000,0.000000000000000,0.000000000000000 
 0.000000000000000,0.000000000000000,0.000000000000000 
 0.000000000000000,0.000000000000000,0.000000000000000 
0.000000000000000,0.000000000000000,0.000000000000000 
 0.000000000000000,0.000000000000000,0.000000000000000 
 0.000000000000000,0.000000000000000,0.000000000000000 
0.000000000000000,0.000000000000000,0.000000000000000 
 0.000000000000000,0.000000000000000,0.000000000000000 
 0.000000000000000,0.000000000000000,0.000000000000000 
0.00561,-0.00496,0.01079 
0.00087,0.00050,-0.00018 
