55.917228522538039,-3.312953647929871,139.663085937500000 
0.029385503695266,0.000000000000000,0.000000000000000 
 0.000000000000000,0.055986877847142,0.000000000000000 
 0.000000000000000,0.000000000000000,0.162346069631042 
-0.00590,-0.02050,0.63960,0.76841 
-0.00032,-0.00010,0.00023 
-0.00489,-0.01075,0.03822 
0.000000000000000,0.000000000000000,0.000000000000000 
 0.000000000000000,0.000000000000000,0.000000000000000 
 0.000000000000000,0.000000000000000,0.000000000000000 
0.000000000000000,0.000000000000000,0.000000000000000 
 0.000000000000000,0.000000000000000,0.000000000000000 
 0.000000000000000,0.000000000000000,0.000000000000000 
0.000000000000000,0.000000000000000,0.000000000000000 
 0.000000000000000,0.000000000000000,0.000000000000000 
 0.000000000000000,0.000000000000000,0.000000000000000 
-0.00206,-0.00200,0.01572 
-0.00032,-0.00010,0.00023 
