55.917228171231393,-3.312953854812626,139.583282470703125 
0.029391511920394,0.000000000000000,0.000000000000000 
 0.000000000000000,0.055925396943452,0.000000000000000 
 0.000000000000000,0.000000000000000,0.161763628158131 
-0.00586,-0.02050,0.63955,0.76845 
0.00122,0.00077,0.00104 
0.00448,-0.02433,0.02856 
0.000000000000000,0.000000000000000,0.000000000000000 
 0.000000000000000,0.000000000000000,0.000000000000000 
 0.000000000000000,0.000000000000000,0.000000000000000 
0.000000000000000,0.000000000000000,0.000000000000000 
 0.000000000000000,0.000000000000000,0.000000000000000 
 0.000000000000000,0.000000000000000,0.000000000000000 
0.000000000000000,0.000000000000000,0.000000000000000 
 0.000000000000000,0.000000000000000,0.000000000000000 
 0.000000000000000,0.000000000000000,0.000000000000000 
0.00843,-0.00896,0.01166 
0.00122,0.00077,0.00104 
