55.917227601865342,-3.312953900988196,139.460617065429688 
0.029426807309179,0.000000000000000,0.000000000000000 
 0.000000000000000,0.055899323058711,0.000000000000000 
 0.000000000000000,0.000000000000000,0.162093327442165 
-0.00596,-0.02054,0.63946,0.76852 
0.00021,-0.00043,0.00022 
-0.00030,-0.00775,0.01632 
0.000000000000000,0.000000000000000,0.000000000000000 
 0.000000000000000,0.000000000000000,0.000000000000000 
 0.000000000000000,0.000000000000000,0.000000000000000 
0.000000000000000,0.000000000000000,0.000000000000000 
 0.000000000000000,0.000000000000000,0.000000000000000 
 0.000000000000000,0.000000000000000,0.000000000000000 
0.000000000000000,0.000000000000000,0.000000000000000 
 0.000000000000000,0.000000000000000,0.000000000000000 
 0.000000000000000,0.000000000000000,0.000000000000000 
0.00171,-0.00624,0.01414 
0.00021,-0.00043,0.00022 
