55.917227484891775,-3.312954000294912,139.410049438476562 
0.029502252733850,0.000000000000000,0.000000000000000 
 0.000000000000000,0.055852658942812,0.000000000000000 
 0.000000000000000,0.000000000000000,0.161622266900295 
-0.00605,-0.02045,0.63941,0.76857 
-0.00004,0.00001,-0.00014 
-0.00032,-0.03243,0.00286 
0.000000000000000,0.000000000000000,0.000000000000000 
 0.000000000000000,0.000000000000000,0.000000000000000 
 0.000000000000000,0.000000000000000,0.000000000000000 
0.000000000000000,0.000000000000000,0.000000000000000 
 0.000000000000000,0.000000000000000,0.000000000000000 
 0.000000000000000,0.000000000000000,0.000000000000000 
0.000000000000000,0.000000000000000,0.000000000000000 
 0.000000000000000,0.000000000000000,0.000000000000000 
 0.000000000000000,0.000000000000000,0.000000000000000 
0.00413,-0.00228,0.00615 
-0.00004,0.00001,-0.00014 
