55.917227788848685,-3.312953735432523,139.513381958007812 
0.029406754926470,0.000000000000000,0.000000000000000 
 0.000000000000000,0.055949453730879,0.000000000000000 
 0.000000000000000,0.000000000000000,0.162210167424647 
-0.00590,-0.02058,0.63950,0.76849 
0.00149,-0.00047,0.00026 
0.00153,0.01254,-0.02311 
0.000000000000000,0.000000000000000,0.000000000000000 
 0.000000000000000,0.000000000000000,0.000000000000000 
 0.000000000000000,0.000000000000000,0.000000000000000 
0.000000000000000,0.000000000000000,0.000000000000000 
 0.000000000000000,0.000000000000000,0.000000000000000 
 0.000000000000000,0.000000000000000,0.000000000000000 
0.000000000000000,0.000000000000000,0.000000000000000 
 0.000000000000000,0.000000000000000,0.000000000000000 
 0.000000000000000,0.000000000000000,0.000000000000000 
-0.00729,0.00474,0.01907 
0.00149,-0.00047,0.00026 
