55.917227468315076,-3.312953935035825,139.427520751953125 
0.029438234549597,0.000000000000000,0.000000000000000 
 0.000000000000000,0.055874995266301,0.000000000000000 
 0.000000000000000,0.000000000000000,0.161517951355084 
-0.00603,-0.02046,0.63945,0.76854 
-0.00118,0.00068,0.00020 
-0.00272,-0.01284,-0.01514 
0.000000000000000,0.000000000000000,0.000000000000000 
 0.000000000000000,0.000000000000000,0.000000000000000 
 0.000000000000000,0.000000000000000,0.000000000000000 
0.000000000000000,0.000000000000000,0.000000000000000 
 0.000000000000000,0.000000000000000,0.000000000000000 
 0.000000000000000,0.000000000000000,0.000000000000000 
0.000000000000000,0.000000000000000,0.000000000000000 
 0.000000000000000,0.000000000000000,0.000000000000000 
 0.000000000000000,0.000000000000000,0.000000000000000 
-0.00032,-0.00474,0.00994 
-0.00118,0.00068,0.00020 
