55.917227912858820,-3.312953899669348,139.404876708984375 
0.030780745966158,0.000000000000000,0.000000000000000 
 0.000000000000000,0.056753322243802,0.000000000000000 
 0.000000000000000,0.000000000000000,0.163790324620905 
-0.00607,-0.02049,0.63932,0.76865 
-0.00035,-0.00090,0.00001 
0.00108,0.02046,-0.06983 
0.000000000000000,0.000000000000000,0.000000000000000 
 0.000000000000000,0.000000000000000,0.000000000000000 
 0.000000000000000,0.000000000000000,0.000000000000000 
0.000000000000000,0.000000000000000,0.000000000000000 
 0.000000000000000,0.000000000000000,0.000000000000000 
 0.000000000000000,0.000000000000000,0.000000000000000 
0.000000000000000,0.000000000000000,0.000000000000000 
 0.000000000000000,0.000000000000000,0.000000000000000 
 0.000000000000000,0.000000000000000,0.000000000000000 
-0.00484,-0.00260,0.00716 
-0.00035,-0.00090,0.00001 
