55.917227796065134,-3.312953985667934,139.402603149414062 
0.030418271299063,0.000000000000000,0.000000000000000 
 0.000000000000000,0.056455812906083,0.000000000000000 
 0.000000000000000,0.000000000000000,0.163108414345178 
-0.00598,-0.02043,0.63936,0.76861 
0.00089,-0.00064,-0.00049 
-0.00246,-0.01419,-0.01638 
0.000000000000000,0.000000000000000,0.000000000000000 
 0.000000000000000,0.000000000000000,0.000000000000000 
 0.000000000000000,0.000000000000000,0.000000000000000 
0.000000000000000,0.000000000000000,0.000000000000000 
 0.000000000000000,0.000000000000000,0.000000000000000 
 0.000000000000000,0.000000000000000,0.000000000000000 
0.000000000000000,0.000000000000000,0.000000000000000 
 0.000000000000000,0.000000000000000,0.000000000000000 
 0.000000000000000,0.000000000000000,0.000000000000000 
0.00406,-0.00062,0.00401 
0.00089,-0.00064,-0.00049 
