55.917227768801787,-3.312954008308615,139.405181884765625 
0.030265399810859,0.000000000000000,0.000000000000000 
 0.000000000000000,0.056331260334341,0.000000000000000 
 0.000000000000000,0.000000000000000,0.163064124248823 
-0.00603,-0.02045,0.63938,0.76859 
0.00028,-0.00000,-0.00036 
0.00753,0.00133,0.04802 
0.000000000000000,0.000000000000000,0.000000000000000 
 0.000000000000000,0.000000000000000,0.000000000000000 
 0.000000000000000,0.000000000000000,0.000000000000000 
0.000000000000000,0.000000000000000,0.000000000000000 
 0.000000000000000,0.000000000000000,0.000000000000000 
 0.000000000000000,0.000000000000000,0.000000000000000 
0.000000000000000,0.000000000000000,0.000000000000000 
 0.000000000000000,0.000000000000000,0.000000000000000 
 0.000000000000000,0.000000000000000,0.000000000000000 
0.00730,-0.00361,0.00569 
0.00028,-0.00000,-0.00036 
