55.917227931551324,-3.312953904027642,139.402282714843750 
0.030909274619489,0.000000000000000,0.000000000000000 
 0.000000000000000,0.056854034864892,0.000000000000000 
 0.000000000000000,0.000000000000000,0.163796355327950 
-0.00606,-0.02049,0.63930,0.76866 
-0.00013,-0.00056,0.00031 
-0.01064,0.00050,-0.00276 
0.000000000000000,0.000000000000000,0.000000000000000 
 0.000000000000000,0.000000000000000,0.000000000000000 
 0.000000000000000,0.000000000000000,0.000000000000000 
0.000000000000000,0.000000000000000,0.000000000000000 
 0.000000000000000,0.000000000000000,0.000000000000000 
 0.000000000000000,0.000000000000000,0.000000000000000 
0.000000000000000,0.000000000000000,0.000000000000000 
 0.000000000000000,0.000000000000000,0.000000000000000 
 0.000000000000000,0.000000000000000,0.000000000000000 
-0.00487,-0.00277,0.01065 
-0.00013,-0.00056,0.00031 
