55.917228629107434,-3.312953602658154,139.445938110351562 
0.031824346482084,0.000000000000000,0.000000000000000 
 0.000000000000000,0.057787074008635,0.000000000000000 
 0.000000000000000,0.000000000000000,0.166109300206529 
-0.00639,-0.02047,0.63912,0.76881 
-0.00093,0.00069,-0.00031 
0.18827,0.00640,0.04206 
0.000000000000000,0.000000000000000,0.000000000000000 
 0.000000000000000,0.000000000000000,0.000000000000000 
 0.000000000000000,0.000000000000000,0.000000000000000 
0.000000000000000,0.000000000000000,0.000000000000000 
 0.000000000000000,0.000000000000000,0.000000000000000 
 0.000000000000000,0.000000000000000,0.000000000000000 
0.000000000000000,0.000000000000000,0.000000000000000 
 0.000000000000000,0.000000000000000,0.000000000000000 
 0.000000000000000,0.000000000000000,0.000000000000000 
0.03746,0.00590,0.00110 
-0.00093,0.00069,-0.00031 
