55.917228239580979,-3.312953728461439,139.417587280273438 
0.031436676591866,0.000000000000000,0.000000000000000 
 0.000000000000000,0.057369494151121,0.000000000000000 
 0.000000000000000,0.000000000000000,0.165190558240313 
-0.00613,-0.02051,0.63917,0.76877 
0.00046,-0.00012,-0.00060 
0.00427,-0.02516,-0.03024 
0.000000000000000,0.000000000000000,0.000000000000000 
 0.000000000000000,0.000000000000000,0.000000000000000 
 0.000000000000000,0.000000000000000,0.000000000000000 
0.000000000000000,0.000000000000000,0.000000000000000 
 0.000000000000000,0.000000000000000,0.000000000000000 
 0.000000000000000,0.000000000000000,0.000000000000000 
0.000000000000000,0.000000000000000,0.000000000000000 
 0.000000000000000,0.000000000000000,0.000000000000000 
 0.000000000000000,0.000000000000000,0.000000000000000 
-0.00479,-0.00109,0.00527 
0.00046,-0.00012,-0.00060 
