55.917228396122397,-3.312953731406795,139.427673339843750 
0.031617783921316,0.000000000000000,0.000000000000000 
 0.000000000000000,0.057567758209567,0.000000000000000 
 0.000000000000000,0.000000000000000,0.165459085797196 
-0.00611,-0.02055,0.63918,0.76876 
-0.00101,0.00054,-0.00050 
0.00236,-0.01401,0.05225 
0.000000000000000,0.000000000000000,0.000000000000000 
 0.000000000000000,0.000000000000000,0.000000000000000 
 0.000000000000000,0.000000000000000,0.000000000000000 
0.000000000000000,0.000000000000000,0.000000000000000 
 0.000000000000000,0.000000000000000,0.000000000000000 
 0.000000000000000,0.000000000000000,0.000000000000000 
0.000000000000000,0.000000000000000,0.000000000000000 
 0.000000000000000,0.000000000000000,0.000000000000000 
 0.000000000000000,0.000000000000000,0.000000000000000 
-0.00464,-0.00393,0.00349 
-0.00101,0.00054,-0.00050 
