55.917228926661686,-3.312953557709977,139.461029052734375 
0.031933450362116,0.000000000000000,0.000000000000000 
 0.000000000000000,0.057863820495307,0.000000000000000 
 0.000000000000000,0.000000000000000,0.166490672451247 
-0.00659,-0.02026,0.63912,0.76881 
-0.00042,0.00046,0.00051 
0.36050,-0.03206,-0.02011 
0.000000000000000,0.000000000000000,0.000000000000000 
 0.000000000000000,0.000000000000000,0.000000000000000 
 0.000000000000000,0.000000000000000,0.000000000000000 
0.000000000000000,0.000000000000000,0.000000000000000 
 0.000000000000000,0.000000000000000,0.000000000000000 
 0.000000000000000,0.000000000000000,0.000000000000000 
0.000000000000000,0.000000000000000,0.000000000000000 
 0.000000000000000,0.000000000000000,0.000000000000000 
 0.000000000000000,0.000000000000000,0.000000000000000 
0.10595,0.01177,0.00035 
-0.00042,0.00046,0.00051 
