55.917251748530042,-3.312946360239713,139.520706176757812 
0.032197395098038,0.000000000000000,0.000000000000000 
 0.000000000000000,0.058195814819983,0.000000000000000 
 0.000000000000000,0.000000000000000,0.166492618108394 
-0.00469,-0.02170,0.64199,0.76639 
0.00640,0.00153,-0.00268 
-0.10332,-0.04752,0.23139 
0.000000000000000,0.000000000000000,0.000000000000000 
 0.000000000000000,0.000000000000000,0.000000000000000 
 0.000000000000000,0.000000000000000,0.000000000000000 
0.000000000000000,0.000000000000000,0.000000000000000 
 0.000000000000000,0.000000000000000,0.000000000000000 
 0.000000000000000,0.000000000000000,0.000000000000000 
0.000000000000000,0.000000000000000,0.000000000000000 
 0.000000000000000,0.000000000000000,0.000000000000000 
 0.000000000000000,0.000000000000000,0.000000000000000 
1.87025,0.32683,0.00010 
0.00640,0.00153,-0.00268 
