55.917232386274492,-3.312952542627077,139.469253540039062 
0.032070631803904,0.000000000000000,0.000000000000000 
 0.000000000000000,0.058031120434365,0.000000000000000 
 0.000000000000000,0.000000000000000,0.166687460249936 
-0.00710,-0.01951,0.63794,0.76981 
-0.00534,-0.00320,0.01128 
1.02040,0.00231,-0.04112 
0.000000000000000,0.000000000000000,0.000000000000000 
 0.000000000000000,0.000000000000000,0.000000000000000 
 0.000000000000000,0.000000000000000,0.000000000000000 
0.000000000000000,0.000000000000000,0.000000000000000 
 0.000000000000000,0.000000000000000,0.000000000000000 
 0.000000000000000,0.000000000000000,0.000000000000000 
0.000000000000000,0.000000000000000,0.000000000000000 
 0.000000000000000,0.000000000000000,0.000000000000000 
 0.000000000000000,0.000000000000000,0.000000000000000 
0.71131,0.11860,0.00004 
-0.00534,-0.00320,0.01128 
