55.917290698016764,-3.312936509381852,139.680541992187500 
0.032285262872765,0.000000000000000,0.000000000000000 
 0.000000000000000,0.058157688195970,0.000000000000000 
 0.000000000000000,0.000000000000000,0.166602055299464 
-0.00541,-0.02056,0.64962,0.75996 
-0.00367,0.00528,-0.00583 
-0.22989,-0.00828,-0.00106 
0.000000000000000,0.000000000000000,0.000000000000000 
 0.000000000000000,0.000000000000000,0.000000000000000 
 0.000000000000000,0.000000000000000,0.000000000000000 
0.000000000000000,0.000000000000000,0.000000000000000 
 0.000000000000000,0.000000000000000,0.000000000000000 
 0.000000000000000,0.000000000000000,0.000000000000000 
0.000000000000000,0.000000000000000,0.000000000000000 
 0.000000000000000,0.000000000000000,0.000000000000000 
 0.000000000000000,0.000000000000000,0.000000000000000 
0.93475,0.09049,-0.00516 
-0.00367,0.00528,-0.00583 
