55.917275681016697,-3.312939996061090,139.600173950195312 
0.032786933075873,0.000000000000000,0.000000000000000 
 0.000000000000000,0.058674050912624,0.000000000000000 
 0.000000000000000,0.000000000000000,0.168503635562956 
-0.00626,-0.02058,0.64518,0.76373 
0.00433,0.00041,-0.01179 
-0.34403,-0.05110,0.02528 
0.000000000000000,0.000000000000000,0.000000000000000 
 0.000000000000000,0.000000000000000,0.000000000000000 
 0.000000000000000,0.000000000000000,0.000000000000000 
0.000000000000000,0.000000000000000,0.000000000000000 
 0.000000000000000,0.000000000000000,0.000000000000000 
 0.000000000000000,0.000000000000000,0.000000000000000 
0.000000000000000,0.000000000000000,0.000000000000000 
 0.000000000000000,0.000000000000000,0.000000000000000 
 0.000000000000000,0.000000000000000,0.000000000000000 
1.47569,0.19377,-0.02470 
0.00433,0.00041,-0.01179 
