55.917293443823233,-3.312935761789789,139.692306518554688 
0.032217403649133,0.000000000000000,0.000000000000000 
 0.000000000000000,0.058119897379205,0.000000000000000 
 0.000000000000000,0.000000000000000,0.166589282936230 
-0.00477,-0.02044,0.65041,0.75930 
-0.00030,-0.00054,-0.00472 
-0.23442,-0.02297,0.11568 
0.000000000000000,0.000000000000000,0.000000000000000 
 0.000000000000000,0.000000000000000,0.000000000000000 
 0.000000000000000,0.000000000000000,0.000000000000000 
0.000000000000000,0.000000000000000,0.000000000000000 
 0.000000000000000,0.000000000000000,0.000000000000000 
 0.000000000000000,0.000000000000000,0.000000000000000 
0.000000000000000,0.000000000000000,0.000000000000000 
 0.000000000000000,0.000000000000000,0.000000000000000 
 0.000000000000000,0.000000000000000,0.000000000000000 
0.83840,0.09070,-0.02524 
-0.00030,-0.00054,-0.00472 
