55.917307852569778,-3.312932920875012,139.772613525390625 
0.032040740439464,0.000000000000000,0.000000000000000 
 0.000000000000000,0.057895368036776,0.000000000000000 
 0.000000000000000,0.000000000000000,0.166372057487444 
-0.00564,-0.01716,0.65467,0.75570 
0.00405,0.00249,-0.01065 
1.56597,-0.07050,0.03911 
0.000000000000000,0.000000000000000,0.000000000000000 
 0.000000000000000,0.000000000000000,0.000000000000000 
 0.000000000000000,0.000000000000000,0.000000000000000 
0.000000000000000,0.000000000000000,0.000000000000000 
 0.000000000000000,0.000000000000000,0.000000000000000 
 0.000000000000000,0.000000000000000,0.000000000000000 
0.000000000000000,0.000000000000000,0.000000000000000 
 0.000000000000000,0.000000000000000,0.000000000000000 
 0.000000000000000,0.000000000000000,0.000000000000000 
1.49881,0.17613,-0.02064 
0.00405,0.00249,-0.01065 
