55.917300282609645,-3.312934540421304,139.735733032226562 
0.032117439067225,0.000000000000000,0.000000000000000 
 0.000000000000000,0.057946643954612,0.000000000000000 
 0.000000000000000,0.000000000000000,0.165946699907238 
-0.00436,-0.01991,0.65232,0.75767 
0.00084,0.00931,-0.00408 
0.29492,0.00875,0.11869 
0.000000000000000,0.000000000000000,0.000000000000000 
 0.000000000000000,0.000000000000000,0.000000000000000 
 0.000000000000000,0.000000000000000,0.000000000000000 
0.000000000000000,0.000000000000000,0.000000000000000 
 0.000000000000000,0.000000000000000,0.000000000000000 
 0.000000000000000,0.000000000000000,0.000000000000000 
0.000000000000000,0.000000000000000,0.000000000000000 
 0.000000000000000,0.000000000000000,0.000000000000000 
 0.000000000000000,0.000000000000000,0.000000000000000 
0.59946,0.06533,-0.00182 
0.00084,0.00931,-0.00408 
