55.917304775386931,-3.312933535120109,139.754577636718750 
0.032043519823262,0.000000000000000,0.000000000000000 
 0.000000000000000,0.057927763399583,0.000000000000000 
 0.000000000000000,0.000000000000000,0.166228040196618 
-0.00578,-0.01783,0.65376,0.75647 
0.00603,0.00268,-0.00566 
1.31825,-0.02321,-0.01975 
0.000000000000000,0.000000000000000,0.000000000000000 
 0.000000000000000,0.000000000000000,0.000000000000000 
 0.000000000000000,0.000000000000000,0.000000000000000 
0.000000000000000,0.000000000000000,0.000000000000000 
 0.000000000000000,0.000000000000000,0.000000000000000 
 0.000000000000000,0.000000000000000,0.000000000000000 
0.000000000000000,0.000000000000000,0.000000000000000 
 0.000000000000000,0.000000000000000,0.000000000000000 
 0.000000000000000,0.000000000000000,0.000000000000000 
1.14701,0.13415,-0.00399 
0.00603,0.00268,-0.00566 
