55.917293798355765,-3.312935701669992,139.700180053710938 
0.032213397162550,0.000000000000000,0.000000000000000 
 0.000000000000000,0.058111362192552,0.000000000000000 
 0.000000000000000,0.000000000000000,0.166996877377742 
-0.00476,-0.02046,0.65048,0.75923 
-0.00030,-0.00083,-0.00428 
-0.20735,0.00015,0.15048 
0.000000000000000,0.000000000000000,0.000000000000000 
 0.000000000000000,0.000000000000000,0.000000000000000 
 0.000000000000000,0.000000000000000,0.000000000000000 
0.000000000000000,0.000000000000000,0.000000000000000 
 0.000000000000000,0.000000000000000,0.000000000000000 
 0.000000000000000,0.000000000000000,0.000000000000000 
0.000000000000000,0.000000000000000,0.000000000000000 
 0.000000000000000,0.000000000000000,0.000000000000000 
 0.000000000000000,0.000000000000000,0.000000000000000 
0.82401,0.09173,-0.02050 
-0.00030,-0.00083,-0.00428 
