55.939141266692083,-3.226785208147723,115.443153381347656 
0.092292059885168,0.000000000000000,0.000000000000000 
 0.000000000000000,0.192440267129229,0.000000000000000 
 0.000000000000000,0.000000000000000,0.230445539435707 
-0.02306,-0.00671,0.00087,0.99971 
-0.00287,0.00071,-0.01332 
0.00624,-0.01188,0.01075 
0.000000000000000,0.000000000000000,0.000000000000000 
 0.000000000000000,0.000000000000000,0.000000000000000 
 0.000000000000000,0.000000000000000,0.000000000000000 
0.000000000000000,0.000000000000000,0.000000000000000 
 0.000000000000000,0.000000000000000,0.000000000000000 
 0.000000000000000,0.000000000000000,0.000000000000000 
0.000000000000000,0.000000000000000,0.000000000000000 
 0.000000000000000,0.000000000000000,0.000000000000000 
 0.000000000000000,0.000000000000000,0.000000000000000 
