55.939144492771959,-3.226793130035812,115.187118530273438 
0.092217543813541,0.000000000000000,0.000000000000000 
 0.000000000000000,0.186619555095437,0.000000000000000 
 0.000000000000000,0.000000000000000,0.228060634660835 
-0.02611,-0.00704,0.03914,0.99887 
0.00228,0.00219,0.05729 
0.20973,0.02816,-0.01802 
0.000000000000000,0.000000000000000,0.000000000000000 
 0.000000000000000,0.000000000000000,0.000000000000000 
 0.000000000000000,0.000000000000000,0.000000000000000 
0.000000000000000,0.000000000000000,0.000000000000000 
 0.000000000000000,0.000000000000000,0.000000000000000 
 0.000000000000000,0.000000000000000,0.000000000000000 
0.000000000000000,0.000000000000000,0.000000000000000 
 0.000000000000000,0.000000000000000,0.000000000000000 
 0.000000000000000,0.000000000000000,0.000000000000000 
