55.912802181253966,-3.323371872536404,136.518234252929688 
0.025312590645016,0.000000000000000,0.000000000000000 
 0.000000000000000,0.036035566639558,0.000000000000000 
 0.000000000000000,0.000000000000000,0.123436504898721 
-0.01617,-0.01638,0.31988,0.94718 
-0.00130,-0.00788,-0.00840 
-0.98197,-0.26986,-0.07362 
0.000000000000000,0.000000000000000,0.000000000000000 
 0.000000000000000,0.000000000000000,0.000000000000000 
 0.000000000000000,0.000000000000000,0.000000000000000 
0.000000000000000,0.000000000000000,0.000000000000000 
 0.000000000000000,0.000000000000000,0.000000000000000 
 0.000000000000000,0.000000000000000,0.000000000000000 
0.000000000000000,0.000000000000000,0.000000000000000 
 0.000000000000000,0.000000000000000,0.000000000000000 
 0.000000000000000,0.000000000000000,0.000000000000000 
4.39543,5.42542,-0.08681 
-0.00130,-0.00788,-0.00840 
