55.912816073705599,-3.323341589454418,136.602874755859375 
0.026123270936030,0.000000000000000,0.000000000000000 
 0.000000000000000,0.037163807802383,0.000000000000000 
 0.000000000000000,0.000000000000000,0.126812001951465 
-0.01751,-0.01510,0.32079,0.94687 
-0.00810,0.02218,-0.00589 
-0.58297,-0.16386,0.07530 
0.000000000000000,0.000000000000000,0.000000000000000 
 0.000000000000000,0.000000000000000,0.000000000000000 
 0.000000000000000,0.000000000000000,0.000000000000000 
0.000000000000000,0.000000000000000,0.000000000000000 
 0.000000000000000,0.000000000000000,0.000000000000000 
 0.000000000000000,0.000000000000000,0.000000000000000 
0.000000000000000,0.000000000000000,0.000000000000000 
 0.000000000000000,0.000000000000000,0.000000000000000 
 0.000000000000000,0.000000000000000,0.000000000000000 
4.26077,5.21026,-0.05617 
-0.00810,0.02218,-0.00589 
