55.912796061721586,-3.323385342803245,136.484161376953125 
0.024974485113811,0.000000000000000,0.000000000000000 
 0.000000000000000,0.035550606283451,0.000000000000000 
 0.000000000000000,0.000000000000000,0.121855782705982 
-0.01650,-0.01574,0.31935,0.94736 
0.00977,0.00346,-0.00958 
-0.98762,-0.05534,-0.10501 
0.000000000000000,0.000000000000000,0.000000000000000 
 0.000000000000000,0.000000000000000,0.000000000000000 
 0.000000000000000,0.000000000000000,0.000000000000000 
0.000000000000000,0.000000000000000,0.000000000000000 
 0.000000000000000,0.000000000000000,0.000000000000000 
 0.000000000000000,0.000000000000000,0.000000000000000 
0.000000000000000,0.000000000000000,0.000000000000000 
 0.000000000000000,0.000000000000000,0.000000000000000 
 0.000000000000000,0.000000000000000,0.000000000000000 
4.45976,5.53892,-0.05963 
0.00977,0.00346,-0.00958 
