55.939140564712680,-3.226784187458708,115.509895324707031 
0.092875774886014,0.000000000000000,0.000000000000000 
 0.000000000000000,0.197151248906323,0.000000000000000 
 0.000000000000000,0.000000000000000,0.232124826342787 
-0.02328,-0.00621,0.00338,0.99970 
-0.00002,-0.00079,0.00187 
0.00011,-0.01990,0.06046 
0.000000000000000,0.000000000000000,0.000000000000000 
 0.000000000000000,0.000000000000000,0.000000000000000 
 0.000000000000000,0.000000000000000,0.000000000000000 
0.000000000000000,0.000000000000000,0.000000000000000 
 0.000000000000000,0.000000000000000,0.000000000000000 
 0.000000000000000,0.000000000000000,0.000000000000000 
0.000000000000000,0.000000000000000,0.000000000000000 
 0.000000000000000,0.000000000000000,0.000000000000000 
 0.000000000000000,0.000000000000000,0.000000000000000 
