55.912932994269966,-3.323083708244338,137.327087402343750 
0.030987304120261,0.000000000000000,0.000000000000000 
 0.000000000000000,0.045403411908765,0.000000000000000 
 0.000000000000000,0.000000000000000,0.148081076134944 
-0.01450,-0.01029,0.31561,0.94872 
0.00824,0.00965,0.00118 
1.18451,0.13276,-1.03246 
0.000000000000000,0.000000000000000,0.000000000000000 
 0.000000000000000,0.000000000000000,0.000000000000000 
 0.000000000000000,0.000000000000000,0.000000000000000 
0.000000000000000,0.000000000000000,0.000000000000000 
 0.000000000000000,0.000000000000000,0.000000000000000 
 0.000000000000000,0.000000000000000,0.000000000000000 
0.000000000000000,0.000000000000000,0.000000000000000 
 0.000000000000000,0.000000000000000,0.000000000000000 
 0.000000000000000,0.000000000000000,0.000000000000000 
4.98248,6.39290,-0.05572 
0.00824,0.00965,0.00118 
