55.912874052089897,-3.323215585033839,137.073120117187500 
0.029018772289441,0.000000000000000,0.000000000000000 
 0.000000000000000,0.041665818031333,0.000000000000000 
 0.000000000000000,0.000000000000000,0.139381517392977 
-0.01724,-0.01741,0.31900,0.94744 
0.00139,0.11314,0.01217 
0.55988,0.34262,1.70348 
0.000000000000000,0.000000000000000,0.000000000000000 
 0.000000000000000,0.000000000000000,0.000000000000000 
 0.000000000000000,0.000000000000000,0.000000000000000 
0.000000000000000,0.000000000000000,0.000000000000000 
 0.000000000000000,0.000000000000000,0.000000000000000 
 0.000000000000000,0.000000000000000,0.000000000000000 
0.000000000000000,0.000000000000000,0.000000000000000 
 0.000000000000000,0.000000000000000,0.000000000000000 
 0.000000000000000,0.000000000000000,0.000000000000000 
4.30046,5.29914,0.09951 
0.00139,0.11314,0.01217 
