55.939140461170588,-3.226783500636726,115.483856201171875 
0.092378852175842,0.000000000000000,0.000000000000000 
 0.000000000000000,0.199106765694702,0.000000000000000 
 0.000000000000000,0.000000000000000,0.233827358569272 
-0.02325,-0.00617,0.00315,0.99971 
0.00021,0.00043,0.00120 
-0.00409,-0.01933,0.00190 
0.000000000000000,0.000000000000000,0.000000000000000 
 0.000000000000000,0.000000000000000,0.000000000000000 
 0.000000000000000,0.000000000000000,0.000000000000000 
0.000000000000000,0.000000000000000,0.000000000000000 
 0.000000000000000,0.000000000000000,0.000000000000000 
 0.000000000000000,0.000000000000000,0.000000000000000 
0.000000000000000,0.000000000000000,0.000000000000000 
 0.000000000000000,0.000000000000000,0.000000000000000 
 0.000000000000000,0.000000000000000,0.000000000000000 
