55.912959732314128,-3.323023428193468,137.467086791992188 
0.031609024839273,0.000000000000000,0.000000000000000 
 0.000000000000000,0.046749216000595,0.000000000000000 
 0.000000000000000,0.000000000000000,0.151011389695729 
-0.01238,-0.00981,0.31494,0.94898 
0.01544,0.00737,0.00158 
1.27689,-0.06972,-0.00666 
0.000000000000000,0.000000000000000,0.000000000000000 
 0.000000000000000,0.000000000000000,0.000000000000000 
 0.000000000000000,0.000000000000000,0.000000000000000 
0.000000000000000,0.000000000000000,0.000000000000000 
 0.000000000000000,0.000000000000000,0.000000000000000 
 0.000000000000000,0.000000000000000,0.000000000000000 
0.000000000000000,0.000000000000000,0.000000000000000 
 0.000000000000000,0.000000000000000,0.000000000000000 
 0.000000000000000,0.000000000000000,0.000000000000000 
5.47232,7.03004,-0.07050 
0.01544,0.00737,0.00158 
