55.939139601468312,-3.226782401817728,115.583999633789062 
0.091666959148307,0.000000000000000,0.000000000000000 
 0.000000000000000,0.201777430982340,0.000000000000000 
 0.000000000000000,0.000000000000000,0.233225620735063 
-0.02320,-0.00611,0.00291,0.99971 
0.00023,0.00055,-0.00012 
0.00824,-0.02159,0.02325 
0.000000000000000,0.000000000000000,0.000000000000000 
 0.000000000000000,0.000000000000000,0.000000000000000 
 0.000000000000000,0.000000000000000,0.000000000000000 
0.000000000000000,0.000000000000000,0.000000000000000 
 0.000000000000000,0.000000000000000,0.000000000000000 
 0.000000000000000,0.000000000000000,0.000000000000000 
0.000000000000000,0.000000000000000,0.000000000000000 
 0.000000000000000,0.000000000000000,0.000000000000000 
 0.000000000000000,0.000000000000000,0.000000000000000 
