55.912972538950996,-3.322994100709832,137.537322998046875 
0.031889693802989,0.000000000000000,0.000000000000000 
 0.000000000000000,0.047342919842998,0.000000000000000 
 0.000000000000000,0.000000000000000,0.152539442414366 
-0.01029,-0.01083,0.31489,0.94901 
0.01011,-0.01698,0.00172 
1.28058,-0.20031,-0.09337 
0.000000000000000,0.000000000000000,0.000000000000000 
 0.000000000000000,0.000000000000000,0.000000000000000 
 0.000000000000000,0.000000000000000,0.000000000000000 
0.000000000000000,0.000000000000000,0.000000000000000 
 0.000000000000000,0.000000000000000,0.000000000000000 
 0.000000000000000,0.000000000000000,0.000000000000000 
0.000000000000000,0.000000000000000,0.000000000000000 
 0.000000000000000,0.000000000000000,0.000000000000000 
 0.000000000000000,0.000000000000000,0.000000000000000 
5.67498,7.31900,-0.07144 
0.01011,-0.01698,0.00172 
