55.939139375424105,-3.226781408111730,115.607841491699219 
0.090979086945083,0.000000000000000,0.000000000000000 
 0.000000000000000,0.204355696510991,0.000000000000000 
 0.000000000000000,0.000000000000000,0.234330548297948 
-0.02316,-0.00616,0.00255,0.99971 
0.00007,0.00046,0.00105 
0.01526,-0.01858,0.03601 
0.000000000000000,0.000000000000000,0.000000000000000 
 0.000000000000000,0.000000000000000,0.000000000000000 
 0.000000000000000,0.000000000000000,0.000000000000000 
0.000000000000000,0.000000000000000,0.000000000000000 
 0.000000000000000,0.000000000000000,0.000000000000000 
 0.000000000000000,0.000000000000000,0.000000000000000 
0.000000000000000,0.000000000000000,0.000000000000000 
 0.000000000000000,0.000000000000000,0.000000000000000 
 0.000000000000000,0.000000000000000,0.000000000000000 
