55.939139422416055,-3.226781978528295,115.623832702636719 
0.091468017275020,0.000000000000000,0.000000000000000 
 0.000000000000000,0.202522332687963,0.000000000000000 
 0.000000000000000,0.000000000000000,0.234581927381968 
-0.02319,-0.00604,0.00279,0.99971 
-0.00022,-0.00126,0.00151 
0.00504,-0.01824,-0.02689 
0.000000000000000,0.000000000000000,0.000000000000000 
 0.000000000000000,0.000000000000000,0.000000000000000 
 0.000000000000000,0.000000000000000,0.000000000000000 
0.000000000000000,0.000000000000000,0.000000000000000 
 0.000000000000000,0.000000000000000,0.000000000000000 
 0.000000000000000,0.000000000000000,0.000000000000000 
0.000000000000000,0.000000000000000,0.000000000000000 
 0.000000000000000,0.000000000000000,0.000000000000000 
 0.000000000000000,0.000000000000000,0.000000000000000 
