55.913007617102323,-3.322914717801239,137.667968750000000 
0.032918471380548,0.000000000000000,0.000000000000000 
 0.000000000000000,0.049140886263164,0.000000000000000 
 0.000000000000000,0.000000000000000,0.156631898332379 
-0.00716,-0.01459,0.31502,0.94895 
0.01216,0.01893,-0.00197 
-0.46052,0.13728,-0.27916 
0.000000000000000,0.000000000000000,0.000000000000000 
 0.000000000000000,0.000000000000000,0.000000000000000 
 0.000000000000000,0.000000000000000,0.000000000000000 
0.000000000000000,0.000000000000000,0.000000000000000 
 0.000000000000000,0.000000000000000,0.000000000000000 
 0.000000000000000,0.000000000000000,0.000000000000000 
0.000000000000000,0.000000000000000,0.000000000000000 
 0.000000000000000,0.000000000000000,0.000000000000000 
 0.000000000000000,0.000000000000000,0.000000000000000 
5.82681,7.50213,-0.02199 
0.01216,0.01893,-0.00197 
