55.913140341766230,-3.322616668900680,138.290039062500000 
0.034199737497575,0.000000000000000,0.000000000000000 
 0.000000000000000,0.053814020262825,0.000000000000000 
 0.000000000000000,0.000000000000000,0.164790353444183 
-0.00706,-0.01230,0.31693,0.94834 
-0.02851,-0.04121,0.00552 
0.99557,-0.12739,0.44041 
0.000000000000000,0.000000000000000,0.000000000000000 
 0.000000000000000,0.000000000000000,0.000000000000000 
 0.000000000000000,0.000000000000000,0.000000000000000 
0.000000000000000,0.000000000000000,0.000000000000000 
 0.000000000000000,0.000000000000000,0.000000000000000 
 0.000000000000000,0.000000000000000,0.000000000000000 
0.000000000000000,0.000000000000000,0.000000000000000 
 0.000000000000000,0.000000000000000,0.000000000000000 
 0.000000000000000,0.000000000000000,0.000000000000000 
6.32679,8.09216,-0.12787 
-0.02851,-0.04121,0.00552 
