55.939138021315848,-3.226779489877600,115.686561584472656 
0.089294472283555,0.000000000000000,0.000000000000000 
 0.000000000000000,0.210658093652158,0.000000000000000 
 0.000000000000000,0.000000000000000,0.235307958966190 
-0.02278,-0.00587,0.00173,0.99972 
0.00022,-0.00063,0.00095 
0.00235,0.01240,-0.01146 
0.000000000000000,0.000000000000000,0.000000000000000 
 0.000000000000000,0.000000000000000,0.000000000000000 
 0.000000000000000,0.000000000000000,0.000000000000000 
0.000000000000000,0.000000000000000,0.000000000000000 
 0.000000000000000,0.000000000000000,0.000000000000000 
 0.000000000000000,0.000000000000000,0.000000000000000 
0.000000000000000,0.000000000000000,0.000000000000000 
 0.000000000000000,0.000000000000000,0.000000000000000 
 0.000000000000000,0.000000000000000,0.000000000000000 
