55.913117595054871,-3.322667902493671,138.211105346679688 
0.034053220020510,0.000000000000000,0.000000000000000 
 0.000000000000000,0.053130400083529,0.000000000000000 
 0.000000000000000,0.000000000000000,0.164130654093811 
-0.00458,-0.01378,0.31730,0.94821 
-0.03464,0.02818,0.00048 
0.83512,-0.35077,0.04159 
0.000000000000000,0.000000000000000,0.000000000000000 
 0.000000000000000,0.000000000000000,0.000000000000000 
 0.000000000000000,0.000000000000000,0.000000000000000 
0.000000000000000,0.000000000000000,0.000000000000000 
 0.000000000000000,0.000000000000000,0.000000000000000 
 0.000000000000000,0.000000000000000,0.000000000000000 
0.000000000000000,0.000000000000000,0.000000000000000 
 0.000000000000000,0.000000000000000,0.000000000000000 
 0.000000000000000,0.000000000000000,0.000000000000000 
6.10917,7.81256,-0.03743 
-0.03464,0.02818,0.00048 
