55.913081883831509,-3.322747909968492,138.046661376953125 
0.033780220468319,0.000000000000000,0.000000000000000 
 0.000000000000000,0.051957965145038,0.000000000000000 
 0.000000000000000,0.000000000000000,0.162379021279108 
-0.00821,-0.01189,0.31692,0.94834 
0.00497,-0.00924,-0.00205 
0.65114,-0.07457,0.27689 
0.000000000000000,0.000000000000000,0.000000000000000 
 0.000000000000000,0.000000000000000,0.000000000000000 
 0.000000000000000,0.000000000000000,0.000000000000000 
0.000000000000000,0.000000000000000,0.000000000000000 
 0.000000000000000,0.000000000000000,0.000000000000000 
 0.000000000000000,0.000000000000000,0.000000000000000 
0.000000000000000,0.000000000000000,0.000000000000000 
 0.000000000000000,0.000000000000000,0.000000000000000 
 0.000000000000000,0.000000000000000,0.000000000000000 
5.79973,7.41188,-0.11610 
0.00497,-0.00924,-0.00205 
