55.913071204452116,-3.322771997904688,137.988281250000000 
0.033677218280342,0.000000000000000,0.000000000000000 
 0.000000000000000,0.051571046208005,0.000000000000000 
 0.000000000000000,0.000000000000000,0.160965478555796 
-0.00943,-0.01219,0.31666,0.94841 
0.00882,0.01643,-0.00326 
0.52804,-0.04889,-0.21192 
0.000000000000000,0.000000000000000,0.000000000000000 
 0.000000000000000,0.000000000000000,0.000000000000000 
 0.000000000000000,0.000000000000000,0.000000000000000 
0.000000000000000,0.000000000000000,0.000000000000000 
 0.000000000000000,0.000000000000000,0.000000000000000 
 0.000000000000000,0.000000000000000,0.000000000000000 
0.000000000000000,0.000000000000000,0.000000000000000 
 0.000000000000000,0.000000000000000,0.000000000000000 
 0.000000000000000,0.000000000000000,0.000000000000000 
5.74348,7.32800,-0.07439 
0.00882,0.01643,-0.00326 
