55.913076581795657,-3.322760033338135,138.017929077148438 
0.033729304518065,0.000000000000000,0.000000000000000 
 0.000000000000000,0.051765067395568,0.000000000000000 
 0.000000000000000,0.000000000000000,0.162138541538312 
-0.00883,-0.01156,0.31683,0.94837 
0.01810,-0.00262,-0.00320 
0.22879,-0.08837,-0.37407 
0.000000000000000,0.000000000000000,0.000000000000000 
 0.000000000000000,0.000000000000000,0.000000000000000 
 0.000000000000000,0.000000000000000,0.000000000000000 
0.000000000000000,0.000000000000000,0.000000000000000 
 0.000000000000000,0.000000000000000,0.000000000000000 
 0.000000000000000,0.000000000000000,0.000000000000000 
0.000000000000000,0.000000000000000,0.000000000000000 
 0.000000000000000,0.000000000000000,0.000000000000000 
 0.000000000000000,0.000000000000000,0.000000000000000 
5.76820,7.36180,-0.10480 
0.01810,-0.00262,-0.00320 
