55.913315653077888,-3.322228942613028,138.962356567382812 
0.035269474357272,0.000000000000000,0.000000000000000 
 0.000000000000000,0.057716456948143,0.000000000000000 
 0.000000000000000,0.000000000000000,0.171969466853406 
-0.00435,-0.01671,0.32392,0.94593 
0.01035,0.00945,-0.00535 
-0.08202,0.04491,0.17320 
0.000000000000000,0.000000000000000,0.000000000000000 
 0.000000000000000,0.000000000000000,0.000000000000000 
 0.000000000000000,0.000000000000000,0.000000000000000 
0.000000000000000,0.000000000000000,0.000000000000000 
 0.000000000000000,0.000000000000000,0.000000000000000 
 0.000000000000000,0.000000000000000,0.000000000000000 
0.000000000000000,0.000000000000000,0.000000000000000 
 0.000000000000000,0.000000000000000,0.000000000000000 
 0.000000000000000,0.000000000000000,0.000000000000000 
7.13305,8.85336,-0.02944 
0.01035,0.00945,-0.00535 
