55.913250536681446,-3.322371579739260,138.735000610351562 
0.034905142322125,0.000000000000000,0.000000000000000 
 0.000000000000000,0.056435456404849,0.000000000000000 
 0.000000000000000,0.000000000000000,0.169854034088278 
-0.00703,-0.01578,0.32091,0.94695 
0.00155,0.00084,-0.00675 
-0.17767,0.02639,-0.02874 
0.000000000000000,0.000000000000000,0.000000000000000 
 0.000000000000000,0.000000000000000,0.000000000000000 
 0.000000000000000,0.000000000000000,0.000000000000000 
0.000000000000000,0.000000000000000,0.000000000000000 
 0.000000000000000,0.000000000000000,0.000000000000000 
 0.000000000000000,0.000000000000000,0.000000000000000 
0.000000000000000,0.000000000000000,0.000000000000000 
 0.000000000000000,0.000000000000000,0.000000000000000 
 0.000000000000000,0.000000000000000,0.000000000000000 
7.14482,8.96546,-0.07704 
0.00155,0.00084,-0.00675 
