55.939136230755750,-3.226777209738591,115.895164489746094 
0.087751111278934,0.000000000000000,0.000000000000000 
 0.000000000000000,0.216726068853604,0.000000000000000 
 0.000000000000000,0.000000000000000,0.237562212562460 
-0.02252,-0.00585,0.00128,0.99973 
-0.00050,-0.00070,-0.00045 
0.01057,-0.00822,-0.02089 
0.000000000000000,0.000000000000000,0.000000000000000 
 0.000000000000000,0.000000000000000,0.000000000000000 
 0.000000000000000,0.000000000000000,0.000000000000000 
0.000000000000000,0.000000000000000,0.000000000000000 
 0.000000000000000,0.000000000000000,0.000000000000000 
 0.000000000000000,0.000000000000000,0.000000000000000 
0.000000000000000,0.000000000000000,0.000000000000000 
 0.000000000000000,0.000000000000000,0.000000000000000 
 0.000000000000000,0.000000000000000,0.000000000000000 
