55.939136793296356,-3.226777966270812,115.815925598144531 
0.088088074365346,0.000000000000000,0.000000000000000 
 0.000000000000000,0.215351746833278,0.000000000000000 
 0.000000000000000,0.000000000000000,0.236027699162599 
-0.02262,-0.00578,0.00148,0.99973 
-0.00028,0.00003,0.00016 
0.00737,-0.00115,0.02112 
0.000000000000000,0.000000000000000,0.000000000000000 
 0.000000000000000,0.000000000000000,0.000000000000000 
 0.000000000000000,0.000000000000000,0.000000000000000 
0.000000000000000,0.000000000000000,0.000000000000000 
 0.000000000000000,0.000000000000000,0.000000000000000 
 0.000000000000000,0.000000000000000,0.000000000000000 
0.000000000000000,0.000000000000000,0.000000000000000 
 0.000000000000000,0.000000000000000,0.000000000000000 
 0.000000000000000,0.000000000000000,0.000000000000000 
