55.913331826329838,-3.322193496304671,139.016921997070312 
0.035352906650829,0.000000000000000,0.000000000000000 
 0.000000000000000,0.058013152100271,0.000000000000000 
 0.000000000000000,0.000000000000000,0.172716524587205 
-0.00277,-0.01456,0.32461,0.94573 
0.01824,0.00423,-0.00419 
-0.52629,0.10677,-0.35295 
0.000000000000000,0.000000000000000,0.000000000000000 
 0.000000000000000,0.000000000000000,0.000000000000000 
 0.000000000000000,0.000000000000000,0.000000000000000 
0.000000000000000,0.000000000000000,0.000000000000000 
 0.000000000000000,0.000000000000000,0.000000000000000 
 0.000000000000000,0.000000000000000,0.000000000000000 
0.000000000000000,0.000000000000000,0.000000000000000 
 0.000000000000000,0.000000000000000,0.000000000000000 
 0.000000000000000,0.000000000000000,0.000000000000000 
7.08473,8.80105,-0.08973 
0.01824,0.00423,-0.00419 
