55.939135798933833,-3.226777017920432,115.930358886718750 
0.087412714453351,0.000000000000000,0.000000000000000 
 0.000000000000000,0.218173607016753,0.000000000000000 
 0.000000000000000,0.000000000000000,0.236296298758148 
-0.02246,-0.00563,0.00101,0.99973 
0.00042,-0.00089,0.00074 
0.00520,-0.00789,-0.00509 
0.000000000000000,0.000000000000000,0.000000000000000 
 0.000000000000000,0.000000000000000,0.000000000000000 
 0.000000000000000,0.000000000000000,0.000000000000000 
0.000000000000000,0.000000000000000,0.000000000000000 
 0.000000000000000,0.000000000000000,0.000000000000000 
 0.000000000000000,0.000000000000000,0.000000000000000 
0.000000000000000,0.000000000000000,0.000000000000000 
 0.000000000000000,0.000000000000000,0.000000000000000 
 0.000000000000000,0.000000000000000,0.000000000000000 
