55.913404280876378,-3.322035794621502,139.304367065429688 
0.035685324477086,0.000000000000000,0.000000000000000 
 0.000000000000000,0.059281478514212,0.000000000000000 
 0.000000000000000,0.000000000000000,0.173990842824012 
-0.00683,-0.01544,0.31980,0.94733 
0.02111,-0.01119,0.02143 
0.11516,0.27863,0.06857 
0.000000000000000,0.000000000000000,0.000000000000000 
 0.000000000000000,0.000000000000000,0.000000000000000 
 0.000000000000000,0.000000000000000,0.000000000000000 
0.000000000000000,0.000000000000000,0.000000000000000 
 0.000000000000000,0.000000000000000,0.000000000000000 
 0.000000000000000,0.000000000000000,0.000000000000000 
0.000000000000000,0.000000000000000,0.000000000000000 
 0.000000000000000,0.000000000000000,0.000000000000000 
 0.000000000000000,0.000000000000000,0.000000000000000 
6.70987,8.51515,-0.12904 
0.02111,-0.01119,0.02143 
