55.913467606622390,-3.321891869426846,139.506134033203125 
0.035924428260969,0.000000000000000,0.000000000000000 
 0.000000000000000,0.060259443238620,0.000000000000000 
 0.000000000000000,0.000000000000000,0.175945465347604 
-0.00456,-0.01675,0.31420,0.94920 
0.00532,0.00856,-0.00024 
-0.86196,-0.11365,0.01301 
0.000000000000000,0.000000000000000,0.000000000000000 
 0.000000000000000,0.000000000000000,0.000000000000000 
 0.000000000000000,0.000000000000000,0.000000000000000 
0.000000000000000,0.000000000000000,0.000000000000000 
 0.000000000000000,0.000000000000000,0.000000000000000 
 0.000000000000000,0.000000000000000,0.000000000000000 
0.000000000000000,0.000000000000000,0.000000000000000 
 0.000000000000000,0.000000000000000,0.000000000000000 
 0.000000000000000,0.000000000000000,0.000000000000000 
6.41233,8.36273,-0.09663 
0.00532,0.00856,-0.00024 
