55.913482028419587,-3.321858743236845,139.558197021484375 
0.035984334604962,0.000000000000000,0.000000000000000 
 0.000000000000000,0.060470212930576,0.000000000000000 
 0.000000000000000,0.000000000000000,0.176561620140220 
-0.00371,-0.01681,0.31440,0.94914 
0.00883,-0.01397,-0.00146 
-1.36180,-0.06490,-0.25162 
0.000000000000000,0.000000000000000,0.000000000000000 
 0.000000000000000,0.000000000000000,0.000000000000000 
 0.000000000000000,0.000000000000000,0.000000000000000 
0.000000000000000,0.000000000000000,0.000000000000000 
 0.000000000000000,0.000000000000000,0.000000000000000 
 0.000000000000000,0.000000000000000,0.000000000000000 
0.000000000000000,0.000000000000000,0.000000000000000 
 0.000000000000000,0.000000000000000,0.000000000000000 
 0.000000000000000,0.000000000000000,0.000000000000000 
6.26993,8.17799,-0.11135 
0.00883,-0.01397,-0.00146 
