55.939133233732285,-3.226774995068671,116.232841491699219 
0.086235609214143,0.000000000000000,0.000000000000000 
 0.000000000000000,0.223674130319651,0.000000000000000 
 0.000000000000000,0.000000000000000,0.237516836263091 
-0.02211,-0.00599,0.00101,0.99974 
0.00024,-0.00050,0.00137 
0.01189,0.00568,-0.02473 
0.000000000000000,0.000000000000000,0.000000000000000 
 0.000000000000000,0.000000000000000,0.000000000000000 
 0.000000000000000,0.000000000000000,0.000000000000000 
0.000000000000000,0.000000000000000,0.000000000000000 
 0.000000000000000,0.000000000000000,0.000000000000000 
 0.000000000000000,0.000000000000000,0.000000000000000 
0.000000000000000,0.000000000000000,0.000000000000000 
 0.000000000000000,0.000000000000000,0.000000000000000 
 0.000000000000000,0.000000000000000,0.000000000000000 
