55.939130794889657,-3.226773471360823,116.494216918945312 
0.085403656579808,0.000000000000000,0.000000000000000 
 0.000000000000000,0.228403334911115,0.000000000000000 
 0.000000000000000,0.000000000000000,0.238226008851971 
-0.02204,-0.00587,0.00155,0.99974 
0.00053,-0.00051,0.00076 
0.01013,0.00897,0.03054 
0.000000000000000,0.000000000000000,0.000000000000000 
 0.000000000000000,0.000000000000000,0.000000000000000 
 0.000000000000000,0.000000000000000,0.000000000000000 
0.000000000000000,0.000000000000000,0.000000000000000 
 0.000000000000000,0.000000000000000,0.000000000000000 
 0.000000000000000,0.000000000000000,0.000000000000000 
0.000000000000000,0.000000000000000,0.000000000000000 
 0.000000000000000,0.000000000000000,0.000000000000000 
 0.000000000000000,0.000000000000000,0.000000000000000 
