55.939130801064493,-3.226773456833518,116.494079589843750 
0.085367063592830,0.000000000000000,0.000000000000000 
 0.000000000000000,0.228686858448030,0.000000000000000 
 0.000000000000000,0.000000000000000,0.238877942182626 
-0.02203,-0.00581,0.00154,0.99974 
-0.00094,-0.00060,-0.00013 
-0.00173,-0.00326,-0.03996 
0.000000000000000,0.000000000000000,0.000000000000000 
 0.000000000000000,0.000000000000000,0.000000000000000 
 0.000000000000000,0.000000000000000,0.000000000000000 
0.000000000000000,0.000000000000000,0.000000000000000 
 0.000000000000000,0.000000000000000,0.000000000000000 
 0.000000000000000,0.000000000000000,0.000000000000000 
0.000000000000000,0.000000000000000,0.000000000000000 
 0.000000000000000,0.000000000000000,0.000000000000000 
 0.000000000000000,0.000000000000000,0.000000000000000 
