55.913689811845970,-3.321401441701438,140.587829589843750 
0.035669185592530,0.000000000000000,0.000000000000000 
 0.000000000000000,0.063162119139926,0.000000000000000 
 0.000000000000000,0.000000000000000,0.180919310136759 
-0.00265,-0.01967,0.31796,0.94790 
-0.01302,-0.05881,0.00218 
1.44826,-0.16639,2.48139 
0.000000000000000,0.000000000000000,0.000000000000000 
 0.000000000000000,0.000000000000000,0.000000000000000 
 0.000000000000000,0.000000000000000,0.000000000000000 
0.000000000000000,0.000000000000000,0.000000000000000 
 0.000000000000000,0.000000000000000,0.000000000000000 
 0.000000000000000,0.000000000000000,0.000000000000000 
0.000000000000000,0.000000000000000,0.000000000000000 
 0.000000000000000,0.000000000000000,0.000000000000000 
 0.000000000000000,0.000000000000000,0.000000000000000 
3.93051,5.09794,-0.24105 
-0.01302,-0.05881,0.00218 
