55.913651407264673,-3.321487117592303,140.429473876953125 
0.035892080051113,0.000000000000000,0.000000000000000 
 0.000000000000000,0.062843420684303,0.000000000000000 
 0.000000000000000,0.000000000000000,0.180244876077396 
-0.00900,-0.01493,0.32004,0.94724 
0.03720,-0.02140,0.00954 
0.32794,0.20441,-1.89947 
0.000000000000000,0.000000000000000,0.000000000000000 
 0.000000000000000,0.000000000000000,0.000000000000000 
 0.000000000000000,0.000000000000000,0.000000000000000 
0.000000000000000,0.000000000000000,0.000000000000000 
 0.000000000000000,0.000000000000000,0.000000000000000 
 0.000000000000000,0.000000000000000,0.000000000000000 
0.000000000000000,0.000000000000000,0.000000000000000 
 0.000000000000000,0.000000000000000,0.000000000000000 
 0.000000000000000,0.000000000000000,0.000000000000000 
3.31984,4.28673,-0.00542 
0.03720,-0.02140,0.00954 
