55.913700968991400,-3.321376741960226,140.576263427734375 
0.035643208926361,0.000000000000000,0.000000000000000 
 0.000000000000000,0.063267921390975,0.000000000000000 
 0.000000000000000,0.000000000000000,0.180645352281211 
-0.00607,-0.01492,0.31797,0.94796 
0.01005,0.00366,-0.00592 
1.20862,0.04376,-0.85487 
0.000000000000000,0.000000000000000,0.000000000000000 
 0.000000000000000,0.000000000000000,0.000000000000000 
 0.000000000000000,0.000000000000000,0.000000000000000 
0.000000000000000,0.000000000000000,0.000000000000000 
 0.000000000000000,0.000000000000000,0.000000000000000 
 0.000000000000000,0.000000000000000,0.000000000000000 
0.000000000000000,0.000000000000000,0.000000000000000 
 0.000000000000000,0.000000000000000,0.000000000000000 
 0.000000000000000,0.000000000000000,0.000000000000000 
4.14018,5.36934,-0.01272 
0.01005,0.00366,-0.00592 
