55.913684230390295,-3.321413820339032,140.514404296875000 
0.035690520995184,0.000000000000000,0.000000000000000 
 0.000000000000000,0.063119074289554,0.000000000000000 
 0.000000000000000,0.000000000000000,0.180468340524612 
-0.00530,-0.01188,0.31835,0.94788 
0.02819,-0.12629,-0.00221 
0.87902,0.03915,-3.60669 
0.000000000000000,0.000000000000000,0.000000000000000 
 0.000000000000000,0.000000000000000,0.000000000000000 
 0.000000000000000,0.000000000000000,0.000000000000000 
0.000000000000000,0.000000000000000,0.000000000000000 
 0.000000000000000,0.000000000000000,0.000000000000000 
 0.000000000000000,0.000000000000000,0.000000000000000 
0.000000000000000,0.000000000000000,0.000000000000000 
 0.000000000000000,0.000000000000000,0.000000000000000 
 0.000000000000000,0.000000000000000,0.000000000000000 
3.77454,4.92529,-0.23837 
0.02819,-0.12629,-0.00221 
