55.913636059708246,-3.321520774849692,140.348541259765625 
0.035995551750517,0.000000000000000,0.000000000000000 
 0.000000000000000,0.062674912827848,0.000000000000000 
 0.000000000000000,0.000000000000000,0.180619741120470 
-0.01087,-0.01230,0.32289,0.94629 
-0.02662,-0.10812,0.00993 
-1.24180,-0.04683,-5.15334 
0.000000000000000,0.000000000000000,0.000000000000000 
 0.000000000000000,0.000000000000000,0.000000000000000 
 0.000000000000000,0.000000000000000,0.000000000000000 
0.000000000000000,0.000000000000000,0.000000000000000 
 0.000000000000000,0.000000000000000,0.000000000000000 
 0.000000000000000,0.000000000000000,0.000000000000000 
0.000000000000000,0.000000000000000,0.000000000000000 
 0.000000000000000,0.000000000000000,0.000000000000000 
 0.000000000000000,0.000000000000000,0.000000000000000 
3.35335,4.20611,-0.24415 
-0.02662,-0.10812,0.00993 
