55.913628159803558,-3.321538011738742,140.318908691406250 
0.036053666888636,0.000000000000000,0.000000000000000 
 0.000000000000000,0.062589424029768,0.000000000000000 
 0.000000000000000,0.000000000000000,0.180234956534505 
-0.01217,-0.00551,0.32384,0.94602 
0.01018,-0.03121,-0.00093 
-0.40394,-0.08554,0.65496 
0.000000000000000,0.000000000000000,0.000000000000000 
 0.000000000000000,0.000000000000000,0.000000000000000 
 0.000000000000000,0.000000000000000,0.000000000000000 
0.000000000000000,0.000000000000000,0.000000000000000 
 0.000000000000000,0.000000000000000,0.000000000000000 
 0.000000000000000,0.000000000000000,0.000000000000000 
0.000000000000000,0.000000000000000,0.000000000000000 
 0.000000000000000,0.000000000000000,0.000000000000000 
 0.000000000000000,0.000000000000000,0.000000000000000 
3.42791,4.28716,-0.11283 
0.01018,-0.03121,-0.00093 
