55.939127802927004,-3.226772567549466,116.884078979492188 
0.084529460630024,0.000000000000000,0.000000000000000 
 0.000000000000000,0.234864492749921,0.000000000000000 
 0.000000000000000,0.000000000000000,0.238572767012188 
-0.02242,-0.00682,0.00898,0.99969 
-0.01609,0.00968,-0.01383 
0.59578,0.03555,0.18523 
0.000000000000000,0.000000000000000,0.000000000000000 
 0.000000000000000,0.000000000000000,0.000000000000000 
 0.000000000000000,0.000000000000000,0.000000000000000 
0.000000000000000,0.000000000000000,0.000000000000000 
 0.000000000000000,0.000000000000000,0.000000000000000 
 0.000000000000000,0.000000000000000,0.000000000000000 
0.000000000000000,0.000000000000000,0.000000000000000 
 0.000000000000000,0.000000000000000,0.000000000000000 
 0.000000000000000,0.000000000000000,0.000000000000000 
