55.939128303180766,-3.226772136520079,116.799583435058594 
0.084614118727878,0.000000000000000,0.000000000000000 
 0.000000000000000,0.234164902288975,0.000000000000000 
 0.000000000000000,0.000000000000000,0.239329086961804 
-0.02162,-0.00657,0.00441,0.99973 
-0.00221,0.00040,-0.01981 
-0.13809,-0.02655,0.03868 
0.000000000000000,0.000000000000000,0.000000000000000 
 0.000000000000000,0.000000000000000,0.000000000000000 
 0.000000000000000,0.000000000000000,0.000000000000000 
0.000000000000000,0.000000000000000,0.000000000000000 
 0.000000000000000,0.000000000000000,0.000000000000000 
 0.000000000000000,0.000000000000000,0.000000000000000 
0.000000000000000,0.000000000000000,0.000000000000000 
 0.000000000000000,0.000000000000000,0.000000000000000 
 0.000000000000000,0.000000000000000,0.000000000000000 
