55.939128338496765,-3.226772232884206,116.787910461425781 
0.084604531029786,0.000000000000000,0.000000000000000 
 0.000000000000000,0.234254756971101,0.000000000000000 
 0.000000000000000,0.000000000000000,0.238323797347605 
-0.02167,-0.00673,0.00492,0.99973 
-0.00280,0.00052,-0.02067 
-0.12132,-0.01526,-0.00330 
0.000000000000000,0.000000000000000,0.000000000000000 
 0.000000000000000,0.000000000000000,0.000000000000000 
 0.000000000000000,0.000000000000000,0.000000000000000 
0.000000000000000,0.000000000000000,0.000000000000000 
 0.000000000000000,0.000000000000000,0.000000000000000 
 0.000000000000000,0.000000000000000,0.000000000000000 
0.000000000000000,0.000000000000000,0.000000000000000 
 0.000000000000000,0.000000000000000,0.000000000000000 
 0.000000000000000,0.000000000000000,0.000000000000000 
