55.939123962867050,-3.226762691116267,117.100708007812500 
0.084847772010566,0.000000000000000,0.000000000000000 
 0.000000000000000,0.238338026503925,0.000000000000000 
 0.000000000000000,0.000000000000000,0.239051949292971 
-0.01932,-0.00401,-0.05601,0.99824 
0.00838,-0.00804,0.10777 
-0.54321,-0.18436,0.19669 
0.000000000000000,0.000000000000000,0.000000000000000 
 0.000000000000000,0.000000000000000,0.000000000000000 
 0.000000000000000,0.000000000000000,0.000000000000000 
0.000000000000000,0.000000000000000,0.000000000000000 
 0.000000000000000,0.000000000000000,0.000000000000000 
 0.000000000000000,0.000000000000000,0.000000000000000 
0.000000000000000,0.000000000000000,0.000000000000000 
 0.000000000000000,0.000000000000000,0.000000000000000 
 0.000000000000000,0.000000000000000,0.000000000000000 
