55.939121475406274,-3.226758320383259,117.227127075195312 
0.085517439243810,0.000000000000000,0.000000000000000 
 0.000000000000000,0.241816950574961,0.000000000000000 
 0.000000000000000,0.000000000000000,0.239928394735878 
-0.01874,-0.00253,-0.08439,0.99625 
0.00683,0.00278,0.00158 
0.04333,-0.03159,0.02802 
0.000000000000000,0.000000000000000,0.000000000000000 
 0.000000000000000,0.000000000000000,0.000000000000000 
 0.000000000000000,0.000000000000000,0.000000000000000 
0.000000000000000,0.000000000000000,0.000000000000000 
 0.000000000000000,0.000000000000000,0.000000000000000 
 0.000000000000000,0.000000000000000,0.000000000000000 
0.000000000000000,0.000000000000000,0.000000000000000 
 0.000000000000000,0.000000000000000,0.000000000000000 
 0.000000000000000,0.000000000000000,0.000000000000000 
