55.913910967022957,-3.320754273694908,141.454589843750000 
0.038204701555466,0.000000000000000,0.000000000000000 
 0.000000000000000,0.066972596398721,0.000000000000000 
 0.000000000000000,0.000000000000000,0.186681743868754 
-0.03261,-0.02071,0.09082,0.99512 
-0.03278,0.00844,0.22613 
0.70508,2.41841,-0.33249 
0.000000000000000,0.000000000000000,0.000000000000000 
 0.000000000000000,0.000000000000000,0.000000000000000 
 0.000000000000000,0.000000000000000,0.000000000000000 
0.000000000000000,0.000000000000000,0.000000000000000 
 0.000000000000000,0.000000000000000,0.000000000000000 
 0.000000000000000,0.000000000000000,0.000000000000000 
0.000000000000000,0.000000000000000,0.000000000000000 
 0.000000000000000,0.000000000000000,0.000000000000000 
 0.000000000000000,0.000000000000000,0.000000000000000 
1.84685,10.41046,0.07142 
-0.03278,0.00844,0.22613 
