55.939120949124693,-3.226758210777186,117.282073974609375 
0.085050386098978,0.000000000000000,0.000000000000000 
 0.000000000000000,0.241871471208729,0.000000000000000 
 0.000000000000000,0.000000000000000,0.240148348166373 
-0.01867,-0.00260,-0.08449,0.99625 
-0.00441,-0.00254,0.00153 
-0.02092,0.00137,0.07841 
0.000000000000000,0.000000000000000,0.000000000000000 
 0.000000000000000,0.000000000000000,0.000000000000000 
 0.000000000000000,0.000000000000000,0.000000000000000 
0.000000000000000,0.000000000000000,0.000000000000000 
 0.000000000000000,0.000000000000000,0.000000000000000 
 0.000000000000000,0.000000000000000,0.000000000000000 
0.000000000000000,0.000000000000000,0.000000000000000 
 0.000000000000000,0.000000000000000,0.000000000000000 
 0.000000000000000,0.000000000000000,0.000000000000000 
