55.913892382302386,-3.320881249915203,141.415969848632812 
0.037932616422084,0.000000000000000,0.000000000000000 
 0.000000000000000,0.066280463854614,0.000000000000000 
 0.000000000000000,0.000000000000000,0.185256537342671 
-0.02210,-0.01954,0.17445,0.98422 
-0.01797,-0.01333,0.19638 
0.77761,1.97709,0.15084 
0.000000000000000,0.000000000000000,0.000000000000000 
 0.000000000000000,0.000000000000000,0.000000000000000 
 0.000000000000000,0.000000000000000,0.000000000000000 
0.000000000000000,0.000000000000000,0.000000000000000 
 0.000000000000000,0.000000000000000,0.000000000000000 
 0.000000000000000,0.000000000000000,0.000000000000000 
0.000000000000000,0.000000000000000,0.000000000000000 
 0.000000000000000,0.000000000000000,0.000000000000000 
 0.000000000000000,0.000000000000000,0.000000000000000 
3.28916,9.24231,-0.03125 
-0.01797,-0.01333,0.19638 
