55.939119903994971,-3.226757745906669,117.388694763183594 
0.083147862858923,0.000000000000000,0.000000000000000 
 0.000000000000000,0.242246774959781,0.000000000000000 
 0.000000000000000,0.000000000000000,0.238555794295255 
-0.01832,-0.00258,-0.08424,0.99627 
0.00130,-0.00114,-0.00454 
-0.13409,-0.05565,0.02587 
0.000000000000000,0.000000000000000,0.000000000000000 
 0.000000000000000,0.000000000000000,0.000000000000000 
 0.000000000000000,0.000000000000000,0.000000000000000 
0.000000000000000,0.000000000000000,0.000000000000000 
 0.000000000000000,0.000000000000000,0.000000000000000 
 0.000000000000000,0.000000000000000,0.000000000000000 
0.000000000000000,0.000000000000000,0.000000000000000 
 0.000000000000000,0.000000000000000,0.000000000000000 
 0.000000000000000,0.000000000000000,0.000000000000000 
