55.913801240343126,-3.320099330514557,141.014251708984375 
0.031649688255190,0.000000000000000,0.000000000000000 
 0.000000000000000,0.064526677963493,0.000000000000000 
 0.000000000000000,0.000000000000000,0.179261036174466 
-0.03296,-0.00656,-0.33418,0.94191 
0.00697,0.00886,0.15193 
-2.04896,0.98932,-0.66120 
0.000000000000000,0.000000000000000,0.000000000000000 
 0.000000000000000,0.000000000000000,0.000000000000000 
 0.000000000000000,0.000000000000000,0.000000000000000 
0.000000000000000,0.000000000000000,0.000000000000000 
 0.000000000000000,0.000000000000000,0.000000000000000 
 0.000000000000000,0.000000000000000,0.000000000000000 
0.000000000000000,0.000000000000000,0.000000000000000 
 0.000000000000000,0.000000000000000,0.000000000000000 
 0.000000000000000,0.000000000000000,0.000000000000000 
-5.10712,6.07743,0.02730 
0.00697,0.00886,0.15193 
