55.939113870549612,-3.226741855442927,117.514175415039062 
0.080282032479922,0.000000000000000,0.000000000000000 
 0.000000000000000,0.229868261026632,0.000000000000000 
 0.000000000000000,0.000000000000000,0.230216520231580 
-0.01257,-0.00306,-0.16449,0.98629 
-0.00163,-0.00117,0.01236 
-0.42662,-0.05698,0.02129 
0.000000000000000,0.000000000000000,0.000000000000000 
 0.000000000000000,0.000000000000000,0.000000000000000 
 0.000000000000000,0.000000000000000,0.000000000000000 
0.000000000000000,0.000000000000000,0.000000000000000 
 0.000000000000000,0.000000000000000,0.000000000000000 
 0.000000000000000,0.000000000000000,0.000000000000000 
0.000000000000000,0.000000000000000,0.000000000000000 
 0.000000000000000,0.000000000000000,0.000000000000000 
 0.000000000000000,0.000000000000000,0.000000000000000 
