55.913827830987458,-3.320157501172263,141.128051757812500 
0.032954503794830,0.000000000000000,0.000000000000000 
 0.000000000000000,0.065060766165893,0.000000000000000 
 0.000000000000000,0.000000000000000,0.181110950484268 
-0.03216,-0.01151,-0.29332,0.95540 
-0.01398,-0.02987,0.16558 
-1.37370,1.24403,0.75849 
0.000000000000000,0.000000000000000,0.000000000000000 
 0.000000000000000,0.000000000000000,0.000000000000000 
 0.000000000000000,0.000000000000000,0.000000000000000 
0.000000000000000,0.000000000000000,0.000000000000000 
 0.000000000000000,0.000000000000000,0.000000000000000 
 0.000000000000000,0.000000000000000,0.000000000000000 
0.000000000000000,0.000000000000000,0.000000000000000 
 0.000000000000000,0.000000000000000,0.000000000000000 
 0.000000000000000,0.000000000000000,0.000000000000000 
-5.01288,7.29401,0.03733 
-0.01398,-0.02987,0.16558 
