55.913852746235698,-3.320224727910664,141.202560424804688 
0.035294452264001,0.000000000000000,0.000000000000000 
 0.000000000000000,0.066151136180995,0.000000000000000 
 0.000000000000000,0.000000000000000,0.183890157217449 
-0.03103,-0.01338,-0.24833,0.96809 
0.01343,-0.01245,0.17301 
-0.72981,1.59215,0.14157 
0.000000000000000,0.000000000000000,0.000000000000000 
 0.000000000000000,0.000000000000000,0.000000000000000 
 0.000000000000000,0.000000000000000,0.000000000000000 
0.000000000000000,0.000000000000000,0.000000000000000 
 0.000000000000000,0.000000000000000,0.000000000000000 
 0.000000000000000,0.000000000000000,0.000000000000000 
0.000000000000000,0.000000000000000,0.000000000000000 
 0.000000000000000,0.000000000000000,0.000000000000000 
 0.000000000000000,0.000000000000000,0.000000000000000 
-4.54303,8.14762,0.11624 
0.01343,-0.01245,0.17301 
