55.913871416926241,-3.320284844805907,141.347579956054688 
0.037531455954337,0.000000000000000,0.000000000000000 
 0.000000000000000,0.067252205782752,0.000000000000000 
 0.000000000000000,0.000000000000000,0.185769035999898 
-0.03027,-0.01226,-0.20999,0.97716 
0.01387,-0.00691,0.17038 
-0.58977,1.57214,0.28342 
0.000000000000000,0.000000000000000,0.000000000000000 
 0.000000000000000,0.000000000000000,0.000000000000000 
 0.000000000000000,0.000000000000000,0.000000000000000 
0.000000000000000,0.000000000000000,0.000000000000000 
 0.000000000000000,0.000000000000000,0.000000000000000 
 0.000000000000000,0.000000000000000,0.000000000000000 
0.000000000000000,0.000000000000000,0.000000000000000 
 0.000000000000000,0.000000000000000,0.000000000000000 
 0.000000000000000,0.000000000000000,0.000000000000000 
-3.97672,8.72198,0.04993 
0.01387,-0.00691,0.17038 
