55.913792367226257,-3.320080248269620,140.862503051757812 
0.031511887394214,0.000000000000000,0.000000000000000 
 0.000000000000000,0.064553813187666,0.000000000000000 
 0.000000000000000,0.000000000000000,0.179909155243160 
-0.03225,-0.00635,-0.34761,0.93706 
0.01755,0.00339,0.14152 
-1.96756,0.78133,0.46110 
0.000000000000000,0.000000000000000,0.000000000000000 
 0.000000000000000,0.000000000000000,0.000000000000000 
 0.000000000000000,0.000000000000000,0.000000000000000 
0.000000000000000,0.000000000000000,0.000000000000000 
 0.000000000000000,0.000000000000000,0.000000000000000 
 0.000000000000000,0.000000000000000,0.000000000000000 
0.000000000000000,0.000000000000000,0.000000000000000 
 0.000000000000000,0.000000000000000,0.000000000000000 
 0.000000000000000,0.000000000000000,0.000000000000000 
-4.98066,5.67424,0.07919 
0.01755,0.00339,0.14152 
