55.913720145262076,-3.319965629472725,141.020553588867188 
0.031885840787717,0.000000000000000,0.000000000000000 
 0.000000000000000,0.065345227292227,0.000000000000000 
 0.000000000000000,0.000000000000000,0.181430703437982 
-0.02343,-0.00491,-0.43715,0.89907 
0.02171,-0.00926,0.05208 
-0.45379,0.24875,-0.43821 
0.000000000000000,0.000000000000000,0.000000000000000 
 0.000000000000000,0.000000000000000,0.000000000000000 
 0.000000000000000,0.000000000000000,0.000000000000000 
0.000000000000000,0.000000000000000,0.000000000000000 
 0.000000000000000,0.000000000000000,0.000000000000000 
 0.000000000000000,0.000000000000000,0.000000000000000 
0.000000000000000,0.000000000000000,0.000000000000000 
 0.000000000000000,0.000000000000000,0.000000000000000 
 0.000000000000000,0.000000000000000,0.000000000000000 
-3.33952,2.61101,-0.00956 
0.02171,-0.00926,0.05208 
