55.913705186885146,-3.319945427251846,141.102462768554688 
0.032224630932465,0.000000000000000,0.000000000000000 
 0.000000000000000,0.065374637169143,0.000000000000000 
 0.000000000000000,0.000000000000000,0.181226739534623 
-0.02164,-0.00634,-0.44653,0.89449 
-0.00599,-0.00860,0.02498 
-0.35056,0.03453,-0.19863 
0.000000000000000,0.000000000000000,0.000000000000000 
 0.000000000000000,0.000000000000000,0.000000000000000 
 0.000000000000000,0.000000000000000,0.000000000000000 
0.000000000000000,0.000000000000000,0.000000000000000 
 0.000000000000000,0.000000000000000,0.000000000000000 
 0.000000000000000,0.000000000000000,0.000000000000000 
0.000000000000000,0.000000000000000,0.000000000000000 
 0.000000000000000,0.000000000000000,0.000000000000000 
 0.000000000000000,0.000000000000000,0.000000000000000 
-3.28539,2.49565,-0.01068 
-0.00599,-0.00860,0.02498 
