55.913735232604026,-3.319987576710456,140.907196044921875 
0.031599583558276,0.000000000000000,0.000000000000000 
 0.000000000000000,0.065242177359836,0.000000000000000 
 0.000000000000000,0.000000000000000,0.180593498530701 
-0.02464,-0.00843,-0.42292,0.90579 
0.01579,-0.00116,0.07157 
-1.90811,0.06999,0.21127 
0.000000000000000,0.000000000000000,0.000000000000000 
 0.000000000000000,0.000000000000000,0.000000000000000 
 0.000000000000000,0.000000000000000,0.000000000000000 
0.000000000000000,0.000000000000000,0.000000000000000 
 0.000000000000000,0.000000000000000,0.000000000000000 
 0.000000000000000,0.000000000000000,0.000000000000000 
0.000000000000000,0.000000000000000,0.000000000000000 
 0.000000000000000,0.000000000000000,0.000000000000000 
 0.000000000000000,0.000000000000000,0.000000000000000 
-3.67516,2.97025,0.04220 
0.01579,-0.00116,0.07157 
