55.939118765656502,-3.226738587856115,117.561126708984375 
0.078516134417947,0.000000000000000,0.000000000000000 
 0.000000000000000,0.177986411465358,0.000000000000000 
 0.000000000000000,0.000000000000000,0.211555400719149 
-0.01153,-0.00326,-0.16576,0.98609 
0.00107,0.00016,0.00069 
-0.01819,-0.01865,0.04158 
0.000000000000000,0.000000000000000,0.000000000000000 
 0.000000000000000,0.000000000000000,0.000000000000000 
 0.000000000000000,0.000000000000000,0.000000000000000 
0.000000000000000,0.000000000000000,0.000000000000000 
 0.000000000000000,0.000000000000000,0.000000000000000 
 0.000000000000000,0.000000000000000,0.000000000000000 
0.000000000000000,0.000000000000000,0.000000000000000 
 0.000000000000000,0.000000000000000,0.000000000000000 
 0.000000000000000,0.000000000000000,0.000000000000000 
