55.913633337461768,-3.319844169807739,141.493453979492188 
0.033171014481966,0.000000000000000,0.000000000000000 
 0.000000000000000,0.064985728806747,0.000000000000000 
 0.000000000000000,0.000000000000000,0.180749411541058 
-0.02682,-0.01175,-0.45215,0.89146 
-0.00092,0.01980,-0.00838 
1.05490,-0.04888,-0.12921 
0.000000000000000,0.000000000000000,0.000000000000000 
 0.000000000000000,0.000000000000000,0.000000000000000 
 0.000000000000000,0.000000000000000,0.000000000000000 
0.000000000000000,0.000000000000000,0.000000000000000 
 0.000000000000000,0.000000000000000,0.000000000000000 
 0.000000000000000,0.000000000000000,0.000000000000000 
0.000000000000000,0.000000000000000,0.000000000000000 
 0.000000000000000,0.000000000000000,0.000000000000000 
 0.000000000000000,0.000000000000000,0.000000000000000 
-4.01565,3.15362,-0.07163 
-0.00092,0.01980,-0.00838 
