55.913641797462134,-3.319856578174618,141.401657104492188 
0.032999585563979,0.000000000000000,0.000000000000000 
 0.000000000000000,0.065068885015486,0.000000000000000 
 0.000000000000000,0.000000000000000,0.180763146459558 
-0.02876,-0.01686,-0.45363,0.89057 
-0.01596,0.00336,-0.00157 
1.11544,-0.17850,-0.64951 
0.000000000000000,0.000000000000000,0.000000000000000 
 0.000000000000000,0.000000000000000,0.000000000000000 
 0.000000000000000,0.000000000000000,0.000000000000000 
0.000000000000000,0.000000000000000,0.000000000000000 
 0.000000000000000,0.000000000000000,0.000000000000000 
 0.000000000000000,0.000000000000000,0.000000000000000 
0.000000000000000,0.000000000000000,0.000000000000000 
 0.000000000000000,0.000000000000000,0.000000000000000 
 0.000000000000000,0.000000000000000,0.000000000000000 
-3.86807,2.96865,0.11669 
-0.01596,0.00336,-0.00157 
