55.913635081844248,-3.319846852011598,141.474395751953125 
0.033145703723613,0.000000000000000,0.000000000000000 
 0.000000000000000,0.065010726317355,0.000000000000000 
 0.000000000000000,0.000000000000000,0.180331860901050 
-0.02703,-0.01217,-0.45239,0.89133 
-0.00532,0.03739,-0.01372 
0.89345,-0.54526,-0.46214 
0.000000000000000,0.000000000000000,0.000000000000000 
 0.000000000000000,0.000000000000000,0.000000000000000 
 0.000000000000000,0.000000000000000,0.000000000000000 
0.000000000000000,0.000000000000000,0.000000000000000 
 0.000000000000000,0.000000000000000,0.000000000000000 
 0.000000000000000,0.000000000000000,0.000000000000000 
0.000000000000000,0.000000000000000,0.000000000000000 
 0.000000000000000,0.000000000000000,0.000000000000000 
 0.000000000000000,0.000000000000000,0.000000000000000 
-3.98814,3.10235,-0.05269 
-0.00532,0.03739,-0.01372 
