55.939119355189490,-3.226737894344138,117.582176208496094 
0.078848966277803,0.000000000000000,0.000000000000000 
 0.000000000000000,0.170092718423086,0.000000000000000 
 0.000000000000000,0.000000000000000,0.210796570404582 
-0.01132,-0.00333,-0.16528,0.98618 
0.00023,-0.00033,0.00071 
-0.00056,0.00659,0.02403 
0.000000000000000,0.000000000000000,0.000000000000000 
 0.000000000000000,0.000000000000000,0.000000000000000 
 0.000000000000000,0.000000000000000,0.000000000000000 
0.000000000000000,0.000000000000000,0.000000000000000 
 0.000000000000000,0.000000000000000,0.000000000000000 
 0.000000000000000,0.000000000000000,0.000000000000000 
0.000000000000000,0.000000000000000,0.000000000000000 
 0.000000000000000,0.000000000000000,0.000000000000000 
 0.000000000000000,0.000000000000000,0.000000000000000 
