55.913562532162025,-3.319745184161104,141.757873535156250 
0.035057295925452,0.000000000000000,0.000000000000000 
 0.000000000000000,0.064425365029103,0.000000000000000 
 0.000000000000000,0.000000000000000,0.180415904571633 
-0.01704,-0.00389,-0.43957,0.89804 
-0.00015,-0.00113,-0.02024 
1.70098,-0.34115,-0.27249 
0.000000000000000,0.000000000000000,0.000000000000000 
 0.000000000000000,0.000000000000000,0.000000000000000 
 0.000000000000000,0.000000000000000,0.000000000000000 
0.000000000000000,0.000000000000000,0.000000000000000 
 0.000000000000000,0.000000000000000,0.000000000000000 
 0.000000000000000,0.000000000000000,0.000000000000000 
0.000000000000000,0.000000000000000,0.000000000000000 
 0.000000000000000,0.000000000000000,0.000000000000000 
 0.000000000000000,0.000000000000000,0.000000000000000 
-5.95403,4.62996,-0.05235 
-0.00015,-0.00113,-0.02024 
