55.939121223094531,-3.226737138459850,117.513183593750000 
0.077241303182896,0.000000000000000,0.000000000000000 
 0.000000000000000,0.154997909416124,0.000000000000000 
 0.000000000000000,0.000000000000000,0.205183547145027 
-0.01105,-0.00335,-0.16551,0.98614 
0.00036,-0.00004,0.00067 
0.00821,-0.00181,0.01893 
0.000000000000000,0.000000000000000,0.000000000000000 
 0.000000000000000,0.000000000000000,0.000000000000000 
 0.000000000000000,0.000000000000000,0.000000000000000 
0.000000000000000,0.000000000000000,0.000000000000000 
 0.000000000000000,0.000000000000000,0.000000000000000 
 0.000000000000000,0.000000000000000,0.000000000000000 
0.000000000000000,0.000000000000000,0.000000000000000 
 0.000000000000000,0.000000000000000,0.000000000000000 
 0.000000000000000,0.000000000000000,0.000000000000000 
