55.939120099769752,-3.226737336338088,117.555587768554688 
0.078060241621110,0.000000000000000,0.000000000000000 
 0.000000000000000,0.162914328703722,0.000000000000000 
 0.000000000000000,0.000000000000000,0.207175501664580 
-0.01120,-0.00333,-0.16546,0.98615 
-0.00004,-0.00091,0.00077 
0.02510,-0.00058,-0.04963 
0.000000000000000,0.000000000000000,0.000000000000000 
 0.000000000000000,0.000000000000000,0.000000000000000 
 0.000000000000000,0.000000000000000,0.000000000000000 
0.000000000000000,0.000000000000000,0.000000000000000 
 0.000000000000000,0.000000000000000,0.000000000000000 
 0.000000000000000,0.000000000000000,0.000000000000000 
0.000000000000000,0.000000000000000,0.000000000000000 
 0.000000000000000,0.000000000000000,0.000000000000000 
 0.000000000000000,0.000000000000000,0.000000000000000 
