55.913545950244647,-3.319721054162338,141.796310424804688 
0.035747161096103,0.000000000000000,0.000000000000000 
 0.000000000000000,0.064358240279462,0.000000000000000 
 0.000000000000000,0.000000000000000,0.180088750866148 
-0.01438,-0.00514,-0.43670,0.89948 
0.00501,0.01970,-0.01878 
1.70957,-0.58616,-0.18416 
0.000000000000000,0.000000000000000,0.000000000000000 
 0.000000000000000,0.000000000000000,0.000000000000000 
 0.000000000000000,0.000000000000000,0.000000000000000 
0.000000000000000,0.000000000000000,0.000000000000000 
 0.000000000000000,0.000000000000000,0.000000000000000 
 0.000000000000000,0.000000000000000,0.000000000000000 
0.000000000000000,0.000000000000000,0.000000000000000 
 0.000000000000000,0.000000000000000,0.000000000000000 
 0.000000000000000,0.000000000000000,0.000000000000000 
-6.36734,5.03132,-0.03975 
0.00501,0.01970,-0.01878 
