55.939119628346106,-3.226737603072012,117.571487426757812 
0.078565462156011,0.000000000000000,0.000000000000000 
 0.000000000000000,0.167382607405475,0.000000000000000 
 0.000000000000000,0.000000000000000,0.209907074698723 
-0.01130,-0.00328,-0.16536,0.98616 
0.00010,0.00004,0.00028 
-0.00763,0.00001,-0.00379 
0.000000000000000,0.000000000000000,0.000000000000000 
 0.000000000000000,0.000000000000000,0.000000000000000 
 0.000000000000000,0.000000000000000,0.000000000000000 
0.000000000000000,0.000000000000000,0.000000000000000 
 0.000000000000000,0.000000000000000,0.000000000000000 
 0.000000000000000,0.000000000000000,0.000000000000000 
0.000000000000000,0.000000000000000,0.000000000000000 
 0.000000000000000,0.000000000000000,0.000000000000000 
 0.000000000000000,0.000000000000000,0.000000000000000 
