55.939122220143517,-3.226737010861980,117.471656799316406 
0.076422102417731,0.000000000000000,0.000000000000000 
 0.000000000000000,0.148267127788827,0.000000000000000 
 0.000000000000000,0.000000000000000,0.203274330815702 
-0.01095,-0.00335,-0.16451,0.98631 
-0.00002,0.00048,-0.00002 
0.00407,-0.00671,0.02289 
0.000000000000000,0.000000000000000,0.000000000000000 
 0.000000000000000,0.000000000000000,0.000000000000000 
 0.000000000000000,0.000000000000000,0.000000000000000 
0.000000000000000,0.000000000000000,0.000000000000000 
 0.000000000000000,0.000000000000000,0.000000000000000 
 0.000000000000000,0.000000000000000,0.000000000000000 
0.000000000000000,0.000000000000000,0.000000000000000 
 0.000000000000000,0.000000000000000,0.000000000000000 
 0.000000000000000,0.000000000000000,0.000000000000000 
