55.939122664110911,-3.226736927872011,117.435043334960938 
0.076074018419522,0.000000000000000,0.000000000000000 
 0.000000000000000,0.144980707468009,0.000000000000000 
 0.000000000000000,0.000000000000000,0.201857949013235 
-0.01087,-0.00339,-0.16464,0.98629 
0.00017,-0.00036,0.00033 
0.03575,0.01487,-0.03994 
0.000000000000000,0.000000000000000,0.000000000000000 
 0.000000000000000,0.000000000000000,0.000000000000000 
 0.000000000000000,0.000000000000000,0.000000000000000 
0.000000000000000,0.000000000000000,0.000000000000000 
 0.000000000000000,0.000000000000000,0.000000000000000 
 0.000000000000000,0.000000000000000,0.000000000000000 
0.000000000000000,0.000000000000000,0.000000000000000 
 0.000000000000000,0.000000000000000,0.000000000000000 
 0.000000000000000,0.000000000000000,0.000000000000000 
