55.913387868061591,-3.319492445225132,142.801055908203125 
0.039361486142273,0.000000000000000,0.000000000000000 
 0.000000000000000,0.064982401233252,0.000000000000000 
 0.000000000000000,0.000000000000000,0.182051040030985 
-0.01123,-0.00414,-0.43235,0.90163 
0.01883,0.00141,0.01231 
0.51054,-0.07512,-0.13040 
0.000000000000000,0.000000000000000,0.000000000000000 
 0.000000000000000,0.000000000000000,0.000000000000000 
 0.000000000000000,0.000000000000000,0.000000000000000 
0.000000000000000,0.000000000000000,0.000000000000000 
 0.000000000000000,0.000000000000000,0.000000000000000 
 0.000000000000000,0.000000000000000,0.000000000000000 
0.000000000000000,0.000000000000000,0.000000000000000 
 0.000000000000000,0.000000000000000,0.000000000000000 
 0.000000000000000,0.000000000000000,0.000000000000000 
-7.19862,5.81781,-0.27664 
0.01883,0.00141,0.01231 
