55.939122710104130,-3.226736918297858,117.445724487304688 
0.076029801605969,0.000000000000000,0.000000000000000 
 0.000000000000000,0.144513833870868,0.000000000000000 
 0.000000000000000,0.000000000000000,0.201550851077631 
-0.01085,-0.00341,-0.16421,0.98636 
0.00031,-0.00095,-0.00032 
0.02111,0.00848,-0.01679 
0.000000000000000,0.000000000000000,0.000000000000000 
 0.000000000000000,0.000000000000000,0.000000000000000 
 0.000000000000000,0.000000000000000,0.000000000000000 
0.000000000000000,0.000000000000000,0.000000000000000 
 0.000000000000000,0.000000000000000,0.000000000000000 
 0.000000000000000,0.000000000000000,0.000000000000000 
0.000000000000000,0.000000000000000,0.000000000000000 
 0.000000000000000,0.000000000000000,0.000000000000000 
 0.000000000000000,0.000000000000000,0.000000000000000 
