55.939122351048297,-3.226736969546881,117.448226928710938 
0.076354230463772,0.000000000000000,0.000000000000000 
 0.000000000000000,0.147516113058884,0.000000000000000 
 0.000000000000000,0.000000000000000,0.202077547333431 
-0.01094,-0.00336,-0.16454,0.98630 
0.00060,-0.00023,0.00071 
0.00303,0.01776,0.03794 
0.000000000000000,0.000000000000000,0.000000000000000 
 0.000000000000000,0.000000000000000,0.000000000000000 
 0.000000000000000,0.000000000000000,0.000000000000000 
0.000000000000000,0.000000000000000,0.000000000000000 
 0.000000000000000,0.000000000000000,0.000000000000000 
 0.000000000000000,0.000000000000000,0.000000000000000 
0.000000000000000,0.000000000000000,0.000000000000000 
 0.000000000000000,0.000000000000000,0.000000000000000 
 0.000000000000000,0.000000000000000,0.000000000000000 
