55.939124420561754,-3.226736886209278,117.313667297363281 
0.075179670549019,0.000000000000000,0.000000000000000 
 0.000000000000000,0.134602945974795,0.000000000000000 
 0.000000000000000,0.000000000000000,0.197617157598135 
-0.01054,-0.00331,-0.16396,0.98640 
0.00016,-0.00071,0.00073 
0.00165,0.00229,-0.03954 
0.000000000000000,0.000000000000000,0.000000000000000 
 0.000000000000000,0.000000000000000,0.000000000000000 
 0.000000000000000,0.000000000000000,0.000000000000000 
0.000000000000000,0.000000000000000,0.000000000000000 
 0.000000000000000,0.000000000000000,0.000000000000000 
 0.000000000000000,0.000000000000000,0.000000000000000 
0.000000000000000,0.000000000000000,0.000000000000000 
 0.000000000000000,0.000000000000000,0.000000000000000 
 0.000000000000000,0.000000000000000,0.000000000000000 
