55.939124017559209,-3.226736880307142,117.355567932128906 
0.075360810327724,0.000000000000000,0.000000000000000 
 0.000000000000000,0.136955408074883,0.000000000000000 
 0.000000000000000,0.000000000000000,0.198746387899207 
-0.01066,-0.00328,-0.16398,0.98640 
-0.00040,0.00111,0.00100 
-0.00779,0.00660,0.05078 
0.000000000000000,0.000000000000000,0.000000000000000 
 0.000000000000000,0.000000000000000,0.000000000000000 
 0.000000000000000,0.000000000000000,0.000000000000000 
0.000000000000000,0.000000000000000,0.000000000000000 
 0.000000000000000,0.000000000000000,0.000000000000000 
 0.000000000000000,0.000000000000000,0.000000000000000 
0.000000000000000,0.000000000000000,0.000000000000000 
 0.000000000000000,0.000000000000000,0.000000000000000 
 0.000000000000000,0.000000000000000,0.000000000000000 
