55.939124129597502,-3.226736947532729,117.342231750488281 
0.075319745743422,0.000000000000000,0.000000000000000 
 0.000000000000000,0.136403848247543,0.000000000000000 
 0.000000000000000,0.000000000000000,0.198970588741876 
-0.01061,-0.00331,-0.16404,0.98639 
0.00114,0.00019,0.00051 
-0.00007,0.02490,-0.00162 
0.000000000000000,0.000000000000000,0.000000000000000 
 0.000000000000000,0.000000000000000,0.000000000000000 
 0.000000000000000,0.000000000000000,0.000000000000000 
0.000000000000000,0.000000000000000,0.000000000000000 
 0.000000000000000,0.000000000000000,0.000000000000000 
 0.000000000000000,0.000000000000000,0.000000000000000 
0.000000000000000,0.000000000000000,0.000000000000000 
 0.000000000000000,0.000000000000000,0.000000000000000 
 0.000000000000000,0.000000000000000,0.000000000000000 
