55.939124833763657,-3.226736884083148,117.287933349609375 
0.075054454059775,0.000000000000000,0.000000000000000 
 0.000000000000000,0.132479831525089,0.000000000000000 
 0.000000000000000,0.000000000000000,0.196571816480745 
-0.01057,-0.00344,-0.16371,0.98645 
-0.00051,-0.00147,0.00028 
0.00362,0.01132,0.03509 
0.000000000000000,0.000000000000000,0.000000000000000 
 0.000000000000000,0.000000000000000,0.000000000000000 
 0.000000000000000,0.000000000000000,0.000000000000000 
0.000000000000000,0.000000000000000,0.000000000000000 
 0.000000000000000,0.000000000000000,0.000000000000000 
 0.000000000000000,0.000000000000000,0.000000000000000 
0.000000000000000,0.000000000000000,0.000000000000000 
 0.000000000000000,0.000000000000000,0.000000000000000 
 0.000000000000000,0.000000000000000,0.000000000000000 
