55.939124708746796,-3.226736952316824,117.301025390625000 
0.075108758898068,0.000000000000000,0.000000000000000 
 0.000000000000000,0.133287801297858,0.000000000000000 
 0.000000000000000,0.000000000000000,0.197855514602773 
-0.01053,-0.00342,-0.16407,0.98639 
0.00058,0.00048,0.00079 
0.00182,0.00400,0.04463 
0.000000000000000,0.000000000000000,0.000000000000000 
 0.000000000000000,0.000000000000000,0.000000000000000 
 0.000000000000000,0.000000000000000,0.000000000000000 
0.000000000000000,0.000000000000000,0.000000000000000 
 0.000000000000000,0.000000000000000,0.000000000000000 
 0.000000000000000,0.000000000000000,0.000000000000000 
0.000000000000000,0.000000000000000,0.000000000000000 
 0.000000000000000,0.000000000000000,0.000000000000000 
 0.000000000000000,0.000000000000000,0.000000000000000 
