55.912983332584759,-3.318891432934555,143.367828369140625 
0.050191184833981,0.000000000000000,0.000000000000000 
 0.000000000000000,0.071118748128144,0.000000000000000 
 0.000000000000000,0.000000000000000,0.191665726117059 
-0.01433,-0.00825,-0.43109,0.90216 
0.03480,0.00991,0.00401 
-3.61219,0.32383,-0.39256 
0.000000000000000,0.000000000000000,0.000000000000000 
 0.000000000000000,0.000000000000000,0.000000000000000 
 0.000000000000000,0.000000000000000,0.000000000000000 
0.000000000000000,0.000000000000000,0.000000000000000 
 0.000000000000000,0.000000000000000,0.000000000000000 
 0.000000000000000,0.000000000000000,0.000000000000000 
0.000000000000000,0.000000000000000,0.000000000000000 
 0.000000000000000,0.000000000000000,0.000000000000000 
 0.000000000000000,0.000000000000000,0.000000000000000 
-4.58196,3.90231,-0.06806 
0.03480,0.00991,0.00401 
