55.939125829207441,-3.226736777139772,117.225753784179688 
0.074932572481487,0.000000000000000,0.000000000000000 
 0.000000000000000,0.126965148522359,0.000000000000000 
 0.000000000000000,0.000000000000000,0.195203460152712 
-0.01057,-0.00337,-0.16336,0.98650 
0.00066,0.00052,0.00030 
0.00423,0.01075,0.03201 
0.000000000000000,0.000000000000000,0.000000000000000 
 0.000000000000000,0.000000000000000,0.000000000000000 
 0.000000000000000,0.000000000000000,0.000000000000000 
0.000000000000000,0.000000000000000,0.000000000000000 
 0.000000000000000,0.000000000000000,0.000000000000000 
 0.000000000000000,0.000000000000000,0.000000000000000 
0.000000000000000,0.000000000000000,0.000000000000000 
 0.000000000000000,0.000000000000000,0.000000000000000 
 0.000000000000000,0.000000000000000,0.000000000000000 
