55.939126116038594,-3.226736919884706,117.214187622070312 
0.075015105535514,0.000000000000000,0.000000000000000 
 0.000000000000000,0.126089622232265,0.000000000000000 
 0.000000000000000,0.000000000000000,0.195659337913967 
-0.01065,-0.00342,-0.16346,0.98649 
-0.00024,-0.00062,0.00029 
0.03805,0.01586,-0.03019 
0.000000000000000,0.000000000000000,0.000000000000000 
 0.000000000000000,0.000000000000000,0.000000000000000 
 0.000000000000000,0.000000000000000,0.000000000000000 
0.000000000000000,0.000000000000000,0.000000000000000 
 0.000000000000000,0.000000000000000,0.000000000000000 
 0.000000000000000,0.000000000000000,0.000000000000000 
0.000000000000000,0.000000000000000,0.000000000000000 
 0.000000000000000,0.000000000000000,0.000000000000000 
 0.000000000000000,0.000000000000000,0.000000000000000 
