55.913084898321003,-3.319041579616242,143.293350219726562 
0.047966089557958,0.000000000000000,0.000000000000000 
 0.000000000000000,0.068060874494763,0.000000000000000 
 0.000000000000000,0.000000000000000,0.188424622532480 
-0.02231,-0.00396,-0.43179,0.90169 
0.05822,-0.00555,0.00460 
-0.44966,0.12939,-0.09308 
0.000000000000000,0.000000000000000,0.000000000000000 
 0.000000000000000,0.000000000000000,0.000000000000000 
 0.000000000000000,0.000000000000000,0.000000000000000 
0.000000000000000,0.000000000000000,0.000000000000000 
 0.000000000000000,0.000000000000000,0.000000000000000 
 0.000000000000000,0.000000000000000,0.000000000000000 
0.000000000000000,0.000000000000000,0.000000000000000 
 0.000000000000000,0.000000000000000,0.000000000000000 
 0.000000000000000,0.000000000000000,0.000000000000000 
-7.99432,6.61584,-0.04576 
0.05822,-0.00555,0.00460 
