55.913014970585699,-3.318938151996218,143.261322021484375 
0.049714388879814,0.000000000000000,0.000000000000000 
 0.000000000000000,0.070002598185583,0.000000000000000 
 0.000000000000000,0.000000000000000,0.190883944846512 
-0.01670,-0.00773,-0.43134,0.90200 
0.04365,0.04245,-0.00292 
-3.25336,-0.30908,-0.04068 
0.000000000000000,0.000000000000000,0.000000000000000 
 0.000000000000000,0.000000000000000,0.000000000000000 
 0.000000000000000,0.000000000000000,0.000000000000000 
0.000000000000000,0.000000000000000,0.000000000000000 
 0.000000000000000,0.000000000000000,0.000000000000000 
 0.000000000000000,0.000000000000000,0.000000000000000 
0.000000000000000,0.000000000000000,0.000000000000000 
 0.000000000000000,0.000000000000000,0.000000000000000 
 0.000000000000000,0.000000000000000,0.000000000000000 
-6.30750,5.33807,0.02976 
0.04365,0.04245,-0.00292 
