55.912996497578796,-3.318911189840959,143.316070556640625 
0.050006942933578,0.000000000000000,0.000000000000000 
 0.000000000000000,0.070594136926957,0.000000000000000 
 0.000000000000000,0.000000000000000,0.191595146448297 
-0.01821,-0.00921,-0.43107,0.90209 
0.00035,-0.02632,-0.00587 
-3.54582,0.31272,-0.24927 
0.000000000000000,0.000000000000000,0.000000000000000 
 0.000000000000000,0.000000000000000,0.000000000000000 
 0.000000000000000,0.000000000000000,0.000000000000000 
0.000000000000000,0.000000000000000,0.000000000000000 
 0.000000000000000,0.000000000000000,0.000000000000000 
 0.000000000000000,0.000000000000000,0.000000000000000 
0.000000000000000,0.000000000000000,0.000000000000000 
 0.000000000000000,0.000000000000000,0.000000000000000 
 0.000000000000000,0.000000000000000,0.000000000000000 
-5.40569,4.55713,-0.11565 
0.00035,-0.02632,-0.00587 
