55.912999073943737,-3.318914673821569,143.321426391601562 
0.049955293347935,0.000000000000000,0.000000000000000 
 0.000000000000000,0.070517080794738,0.000000000000000 
 0.000000000000000,0.000000000000000,0.190962467827390 
-0.01793,-0.00860,-0.43120,0.90204 
0.00181,-0.02228,0.00248 
-3.41022,0.34615,0.22822 
0.000000000000000,0.000000000000000,0.000000000000000 
 0.000000000000000,0.000000000000000,0.000000000000000 
 0.000000000000000,0.000000000000000,0.000000000000000 
0.000000000000000,0.000000000000000,0.000000000000000 
 0.000000000000000,0.000000000000000,0.000000000000000 
 0.000000000000000,0.000000000000000,0.000000000000000 
0.000000000000000,0.000000000000000,0.000000000000000 
 0.000000000000000,0.000000000000000,0.000000000000000 
 0.000000000000000,0.000000000000000,0.000000000000000 
-5.50167,4.70177,-0.10417 
0.00181,-0.02228,0.00248 
