55.939126874783838,-3.226737141016031,117.143516540527344 
0.075353758202855,0.000000000000000,0.000000000000000 
 0.000000000000000,0.122895893318081,0.000000000000000 
 0.000000000000000,0.000000000000000,0.194346663798982 
-0.01053,-0.00345,-0.16353,0.98648 
0.00027,-0.00033,0.00107 
-0.00162,-0.00339,-0.00868 
0.000000000000000,0.000000000000000,0.000000000000000 
 0.000000000000000,0.000000000000000,0.000000000000000 
 0.000000000000000,0.000000000000000,0.000000000000000 
0.000000000000000,0.000000000000000,0.000000000000000 
 0.000000000000000,0.000000000000000,0.000000000000000 
 0.000000000000000,0.000000000000000,0.000000000000000 
0.000000000000000,0.000000000000000,0.000000000000000 
 0.000000000000000,0.000000000000000,0.000000000000000 
 0.000000000000000,0.000000000000000,0.000000000000000 
