55.912929364857199,-3.318817126540329,143.340972900390625 
0.049818250345002,0.000000000000000,0.000000000000000 
 0.000000000000000,0.072062358040811,0.000000000000000 
 0.000000000000000,0.000000000000000,0.191321274385836 
-0.02210,0.00881,-0.43347,0.90085 
-0.04337,-0.00814,0.03353 
-0.37502,0.43144,1.29644 
0.000000000000000,0.000000000000000,0.000000000000000 
 0.000000000000000,0.000000000000000,0.000000000000000 
 0.000000000000000,0.000000000000000,0.000000000000000 
0.000000000000000,0.000000000000000,0.000000000000000 
 0.000000000000000,0.000000000000000,0.000000000000000 
 0.000000000000000,0.000000000000000,0.000000000000000 
0.000000000000000,0.000000000000000,0.000000000000000 
 0.000000000000000,0.000000000000000,0.000000000000000 
 0.000000000000000,0.000000000000000,0.000000000000000 
-3.15222,2.47963,0.00853 
-0.04337,-0.00814,0.03353 
