55.912971999615159,-3.318874150398540,143.373703002929688 
0.049684364923692,0.000000000000000,0.000000000000000 
 0.000000000000000,0.071342015378391,0.000000000000000 
 0.000000000000000,0.000000000000000,0.191432119289857 
-0.01571,-0.00790,-0.43126,0.90205 
-0.01909,0.01612,0.00544 
-2.95509,0.26722,-0.23039 
0.000000000000000,0.000000000000000,0.000000000000000 
 0.000000000000000,0.000000000000000,0.000000000000000 
 0.000000000000000,0.000000000000000,0.000000000000000 
0.000000000000000,0.000000000000000,0.000000000000000 
 0.000000000000000,0.000000000000000,0.000000000000000 
 0.000000000000000,0.000000000000000,0.000000000000000 
0.000000000000000,0.000000000000000,0.000000000000000 
 0.000000000000000,0.000000000000000,0.000000000000000 
 0.000000000000000,0.000000000000000,0.000000000000000 
-3.76173,3.37728,-0.08469 
-0.01909,0.01612,0.00544 
