55.912932563238300,-3.318820468254189,143.300003051757812 
0.049876378106294,0.000000000000000,0.000000000000000 
 0.000000000000000,0.071989238180837,0.000000000000000 
 0.000000000000000,0.000000000000000,0.191423226524301 
-0.01958,0.00760,-0.43202,0.90162 
-0.09164,0.03228,0.02533 
-0.55153,0.34091,0.10044 
0.000000000000000,0.000000000000000,0.000000000000000 
 0.000000000000000,0.000000000000000,0.000000000000000 
 0.000000000000000,0.000000000000000,0.000000000000000 
0.000000000000000,0.000000000000000,0.000000000000000 
 0.000000000000000,0.000000000000000,0.000000000000000 
 0.000000000000000,0.000000000000000,0.000000000000000 
0.000000000000000,0.000000000000000,0.000000000000000 
 0.000000000000000,0.000000000000000,0.000000000000000 
 0.000000000000000,0.000000000000000,0.000000000000000 
-3.07786,2.57148,-0.09602 
-0.09164,0.03228,0.02533 
