55.939127634821602,-3.226737387668360,117.085945129394531 
0.076239542735146,0.000000000000000,0.000000000000000 
 0.000000000000000,0.121107477781468,0.000000000000000 
 0.000000000000000,0.000000000000000,0.194836741322945 
-0.01034,-0.00339,-0.16370,0.98645 
0.00094,0.00001,0.00045 
-0.00022,-0.00228,-0.05009 
0.000000000000000,0.000000000000000,0.000000000000000 
 0.000000000000000,0.000000000000000,0.000000000000000 
 0.000000000000000,0.000000000000000,0.000000000000000 
0.000000000000000,0.000000000000000,0.000000000000000 
 0.000000000000000,0.000000000000000,0.000000000000000 
 0.000000000000000,0.000000000000000,0.000000000000000 
0.000000000000000,0.000000000000000,0.000000000000000 
 0.000000000000000,0.000000000000000,0.000000000000000 
 0.000000000000000,0.000000000000000,0.000000000000000 
