55.912817230216362,-3.318681607022273,143.585159301757812 
0.046534204579168,0.000000000000000,0.000000000000000 
 0.000000000000000,0.073504881125808,0.000000000000000 
 0.000000000000000,0.000000000000000,0.191655653694611 
-0.01403,0.00033,-0.44157,0.89712 
-0.04226,0.05082,0.00016 
1.54490,-0.74821,0.09227 
0.000000000000000,0.000000000000000,0.000000000000000 
 0.000000000000000,0.000000000000000,0.000000000000000 
 0.000000000000000,0.000000000000000,0.000000000000000 
0.000000000000000,0.000000000000000,0.000000000000000 
 0.000000000000000,0.000000000000000,0.000000000000000 
 0.000000000000000,0.000000000000000,0.000000000000000 
0.000000000000000,0.000000000000000,0.000000000000000 
 0.000000000000000,0.000000000000000,0.000000000000000 
 0.000000000000000,0.000000000000000,0.000000000000000 
-4.68228,3.54867,-0.01620 
-0.04226,0.05082,0.00016 
