55.939127794602292,-3.226737399104269,117.081970214843750 
0.076602158411688,0.000000000000000,0.000000000000000 
 0.000000000000000,0.120758235933601,0.000000000000000 
 0.000000000000000,0.000000000000000,0.195591796206615 
-0.01026,-0.00339,-0.16381,0.98643 
0.00089,0.00086,0.00016 
0.00073,-0.01113,0.05212 
0.000000000000000,0.000000000000000,0.000000000000000 
 0.000000000000000,0.000000000000000,0.000000000000000 
 0.000000000000000,0.000000000000000,0.000000000000000 
0.000000000000000,0.000000000000000,0.000000000000000 
 0.000000000000000,0.000000000000000,0.000000000000000 
 0.000000000000000,0.000000000000000,0.000000000000000 
0.000000000000000,0.000000000000000,0.000000000000000 
 0.000000000000000,0.000000000000000,0.000000000000000 
 0.000000000000000,0.000000000000000,0.000000000000000 
