55.939128936740495,-3.226737723255560,116.990821838378906 
0.077142206954798,0.000000000000000,0.000000000000000 
 0.000000000000000,0.118431001614860,0.000000000000000 
 0.000000000000000,0.000000000000000,0.194696562271631 
-0.01005,-0.00323,-0.16425,0.98636 
0.00101,0.00141,0.00053 
-0.00014,0.02979,0.03516 
0.000000000000000,0.000000000000000,0.000000000000000 
 0.000000000000000,0.000000000000000,0.000000000000000 
 0.000000000000000,0.000000000000000,0.000000000000000 
0.000000000000000,0.000000000000000,0.000000000000000 
 0.000000000000000,0.000000000000000,0.000000000000000 
 0.000000000000000,0.000000000000000,0.000000000000000 
0.000000000000000,0.000000000000000,0.000000000000000 
 0.000000000000000,0.000000000000000,0.000000000000000 
 0.000000000000000,0.000000000000000,0.000000000000000 
