55.912763606249214,-3.318604778992515,143.763229370117188 
0.046535001765421,0.000000000000000,0.000000000000000 
 0.000000000000000,0.072967838541090,0.000000000000000 
 0.000000000000000,0.000000000000000,0.190309201098732 
-0.02174,0.00100,-0.43977,0.89785 
0.02326,-0.03925,-0.00418 
1.75735,0.25945,0.14633 
0.000000000000000,0.000000000000000,0.000000000000000 
 0.000000000000000,0.000000000000000,0.000000000000000 
 0.000000000000000,0.000000000000000,0.000000000000000 
0.000000000000000,0.000000000000000,0.000000000000000 
 0.000000000000000,0.000000000000000,0.000000000000000 
 0.000000000000000,0.000000000000000,0.000000000000000 
0.000000000000000,0.000000000000000,0.000000000000000 
 0.000000000000000,0.000000000000000,0.000000000000000 
 0.000000000000000,0.000000000000000,0.000000000000000 
-6.13342,4.78971,-0.15711 
0.02326,-0.03925,-0.00418 
