55.912678718818533,-3.318488308847168,144.119827270507812 
0.044920094456785,0.000000000000000,0.000000000000000 
 0.000000000000000,0.072740608865524,0.000000000000000 
 0.000000000000000,0.000000000000000,0.190490583598958 
-0.02287,-0.00560,-0.44423,0.89560 
0.08915,0.02157,-0.01187 
1.04820,0.10934,0.46152 
0.000000000000000,0.000000000000000,0.000000000000000 
 0.000000000000000,0.000000000000000,0.000000000000000 
 0.000000000000000,0.000000000000000,0.000000000000000 
0.000000000000000,0.000000000000000,0.000000000000000 
 0.000000000000000,0.000000000000000,0.000000000000000 
 0.000000000000000,0.000000000000000,0.000000000000000 
0.000000000000000,0.000000000000000,0.000000000000000 
 0.000000000000000,0.000000000000000,0.000000000000000 
 0.000000000000000,0.000000000000000,0.000000000000000 
-7.83470,5.89225,-0.00993 
0.08915,0.02157,-0.01187 
