55.939129365715161,-3.226737858115116,116.948280334472656 
0.076633835607382,0.000000000000000,0.000000000000000 
 0.000000000000000,0.116800311522071,0.000000000000000 
 0.000000000000000,0.000000000000000,0.193670893386874 
-0.00995,-0.00322,-0.16451,0.98632 
0.00107,0.00072,0.00070 
-0.02148,0.01639,0.06220 
0.000000000000000,0.000000000000000,0.000000000000000 
 0.000000000000000,0.000000000000000,0.000000000000000 
 0.000000000000000,0.000000000000000,0.000000000000000 
0.000000000000000,0.000000000000000,0.000000000000000 
 0.000000000000000,0.000000000000000,0.000000000000000 
 0.000000000000000,0.000000000000000,0.000000000000000 
0.000000000000000,0.000000000000000,0.000000000000000 
 0.000000000000000,0.000000000000000,0.000000000000000 
 0.000000000000000,0.000000000000000,0.000000000000000 
