55.939128562741793,-3.226737634649230,117.018974304199219 
0.077451065407957,0.000000000000000,0.000000000000000 
 0.000000000000000,0.119412670910052,0.000000000000000 
 0.000000000000000,0.000000000000000,0.195389715288408 
-0.01013,-0.00327,-0.16418,0.98637 
-0.00185,-0.00026,0.00057 
-0.00684,0.02816,0.03851 
0.000000000000000,0.000000000000000,0.000000000000000 
 0.000000000000000,0.000000000000000,0.000000000000000 
 0.000000000000000,0.000000000000000,0.000000000000000 
0.000000000000000,0.000000000000000,0.000000000000000 
 0.000000000000000,0.000000000000000,0.000000000000000 
 0.000000000000000,0.000000000000000,0.000000000000000 
0.000000000000000,0.000000000000000,0.000000000000000 
 0.000000000000000,0.000000000000000,0.000000000000000 
 0.000000000000000,0.000000000000000,0.000000000000000 
