55.939130808059623,-3.226738363288586,116.821952819824219 
0.075362512049964,0.000000000000000,0.000000000000000 
 0.000000000000000,0.112383943671958,0.000000000000000 
 0.000000000000000,0.000000000000000,0.190524378040323 
-0.01009,-0.00355,-0.16477,0.98627 
0.00049,0.00096,-0.00097 
-0.09683,-0.02416,0.01483 
0.000000000000000,0.000000000000000,0.000000000000000 
 0.000000000000000,0.000000000000000,0.000000000000000 
 0.000000000000000,0.000000000000000,0.000000000000000 
0.000000000000000,0.000000000000000,0.000000000000000 
 0.000000000000000,0.000000000000000,0.000000000000000 
 0.000000000000000,0.000000000000000,0.000000000000000 
0.000000000000000,0.000000000000000,0.000000000000000 
 0.000000000000000,0.000000000000000,0.000000000000000 
 0.000000000000000,0.000000000000000,0.000000000000000 
