55.912654707762201,-3.318454707008946,144.455459594726562 
0.044360722034105,0.000000000000000,0.000000000000000 
 0.000000000000000,0.072586749876998,0.000000000000000 
 0.000000000000000,0.000000000000000,0.190521125942954 
-0.00872,-0.00008,-0.44119,0.89737 
0.01834,-0.03012,-0.01120 
0.57948,-0.22570,-1.90051 
0.000000000000000,0.000000000000000,0.000000000000000 
 0.000000000000000,0.000000000000000,0.000000000000000 
 0.000000000000000,0.000000000000000,0.000000000000000 
0.000000000000000,0.000000000000000,0.000000000000000 
 0.000000000000000,0.000000000000000,0.000000000000000 
 0.000000000000000,0.000000000000000,0.000000000000000 
0.000000000000000,0.000000000000000,0.000000000000000 
 0.000000000000000,0.000000000000000,0.000000000000000 
 0.000000000000000,0.000000000000000,0.000000000000000 
-7.93210,6.12384,-0.40769 
0.01834,-0.03012,-0.01120 
