55.939130762354488,-3.226738352236251,116.825088500976562 
0.075346395547570,0.000000000000000,0.000000000000000 
 0.000000000000000,0.112316715338893,0.000000000000000 
 0.000000000000000,0.000000000000000,0.191041397738051 
-0.01005,-0.00355,-0.16472,0.98628 
0.00143,0.00027,-0.00172 
-0.04175,0.01438,0.00356 
0.000000000000000,0.000000000000000,0.000000000000000 
 0.000000000000000,0.000000000000000,0.000000000000000 
 0.000000000000000,0.000000000000000,0.000000000000000 
0.000000000000000,0.000000000000000,0.000000000000000 
 0.000000000000000,0.000000000000000,0.000000000000000 
 0.000000000000000,0.000000000000000,0.000000000000000 
0.000000000000000,0.000000000000000,0.000000000000000 
 0.000000000000000,0.000000000000000,0.000000000000000 
 0.000000000000000,0.000000000000000,0.000000000000000 
