55.939130702533213,-3.226738338732543,116.832611083984375 
0.075422018955543,0.000000000000000,0.000000000000000 
 0.000000000000000,0.112598309469392,0.000000000000000 
 0.000000000000000,0.000000000000000,0.191478855341302 
-0.01000,-0.00342,-0.16483,0.98627 
0.00155,0.00065,-0.00011 
-0.12488,0.00249,0.00108 
0.000000000000000,0.000000000000000,0.000000000000000 
 0.000000000000000,0.000000000000000,0.000000000000000 
 0.000000000000000,0.000000000000000,0.000000000000000 
0.000000000000000,0.000000000000000,0.000000000000000 
 0.000000000000000,0.000000000000000,0.000000000000000 
 0.000000000000000,0.000000000000000,0.000000000000000 
0.000000000000000,0.000000000000000,0.000000000000000 
 0.000000000000000,0.000000000000000,0.000000000000000 
 0.000000000000000,0.000000000000000,0.000000000000000 
