55.939131507300495,-3.226739405604170,116.772018432617188 
0.075233203219427,0.000000000000000,0.000000000000000 
 0.000000000000000,0.111171743927091,0.000000000000000 
 0.000000000000000,0.000000000000000,0.190375772536587 
-0.01060,-0.00073,-0.16381,0.98643 
-0.00122,0.00303,0.01120 
1.05792,0.08199,-0.16502 
0.000000000000000,0.000000000000000,0.000000000000000 
 0.000000000000000,0.000000000000000,0.000000000000000 
 0.000000000000000,0.000000000000000,0.000000000000000 
0.000000000000000,0.000000000000000,0.000000000000000 
 0.000000000000000,0.000000000000000,0.000000000000000 
 0.000000000000000,0.000000000000000,0.000000000000000 
0.000000000000000,0.000000000000000,0.000000000000000 
 0.000000000000000,0.000000000000000,0.000000000000000 
 0.000000000000000,0.000000000000000,0.000000000000000 
