55.939129412077250,-3.226731148637946,116.669860839843750 
0.075732355043328,0.000000000000000,0.000000000000000 
 0.000000000000000,0.110856493648853,0.000000000000000 
 0.000000000000000,0.000000000000000,0.191737832557838 
-0.00692,-0.00101,-0.17916,0.98380 
0.01235,-0.00275,0.03911 
1.33192,0.04245,-0.06631 
0.000000000000000,0.000000000000000,0.000000000000000 
 0.000000000000000,0.000000000000000,0.000000000000000 
 0.000000000000000,0.000000000000000,0.000000000000000 
0.000000000000000,0.000000000000000,0.000000000000000 
 0.000000000000000,0.000000000000000,0.000000000000000 
 0.000000000000000,0.000000000000000,0.000000000000000 
0.000000000000000,0.000000000000000,0.000000000000000 
 0.000000000000000,0.000000000000000,0.000000000000000 
 0.000000000000000,0.000000000000000,0.000000000000000 
