55.939131516610651,-3.226739522898467,116.765472412109375 
0.075178232376757,0.000000000000000,0.000000000000000 
 0.000000000000000,0.111196289221213,0.000000000000000 
 0.000000000000000,0.000000000000000,0.190441055053739 
-0.01061,-0.00148,-0.16338,0.98651 
-0.00353,0.01655,0.00641 
0.93433,0.10777,-0.12355 
0.000000000000000,0.000000000000000,0.000000000000000 
 0.000000000000000,0.000000000000000,0.000000000000000 
 0.000000000000000,0.000000000000000,0.000000000000000 
0.000000000000000,0.000000000000000,0.000000000000000 
 0.000000000000000,0.000000000000000,0.000000000000000 
 0.000000000000000,0.000000000000000,0.000000000000000 
0.000000000000000,0.000000000000000,0.000000000000000 
 0.000000000000000,0.000000000000000,0.000000000000000 
 0.000000000000000,0.000000000000000,0.000000000000000 
