55.939131252085232,-3.226737714307407,116.773147583007812 
0.075385601737835,0.000000000000000,0.000000000000000 
 0.000000000000000,0.111088747249277,0.000000000000000 
 0.000000000000000,0.000000000000000,0.191366041328397 
-0.01033,-0.00041,-0.16770,0.98578 
0.00279,-0.00071,0.03645 
1.17971,0.05979,-0.03116 
0.000000000000000,0.000000000000000,0.000000000000000 
 0.000000000000000,0.000000000000000,0.000000000000000 
 0.000000000000000,0.000000000000000,0.000000000000000 
0.000000000000000,0.000000000000000,0.000000000000000 
 0.000000000000000,0.000000000000000,0.000000000000000 
 0.000000000000000,0.000000000000000,0.000000000000000 
0.000000000000000,0.000000000000000,0.000000000000000 
 0.000000000000000,0.000000000000000,0.000000000000000 
 0.000000000000000,0.000000000000000,0.000000000000000 
