55.939126885549094,-3.226690573925763,116.451980590820312 
0.076552214141486,0.000000000000000,0.000000000000000 
 0.000000000000000,0.107953236817494,0.000000000000000 
 0.000000000000000,0.000000000000000,0.193236727959757 
-0.00844,-0.00914,-0.12808,0.99169 
0.00088,0.00127,-0.03136 
-0.79699,0.04760,-0.00056 
0.000000000000000,0.000000000000000,0.000000000000000 
 0.000000000000000,0.000000000000000,0.000000000000000 
 0.000000000000000,0.000000000000000,0.000000000000000 
0.000000000000000,0.000000000000000,0.000000000000000 
 0.000000000000000,0.000000000000000,0.000000000000000 
 0.000000000000000,0.000000000000000,0.000000000000000 
0.000000000000000,0.000000000000000,0.000000000000000 
 0.000000000000000,0.000000000000000,0.000000000000000 
 0.000000000000000,0.000000000000000,0.000000000000000 
