55.939126697683299,-3.226692246412202,116.461929321289062 
0.076321112652522,0.000000000000000,0.000000000000000 
 0.000000000000000,0.108353077616815,0.000000000000000 
 0.000000000000000,0.000000000000000,0.193235784709543 
-0.00893,-0.00848,-0.13410,0.99089 
-0.00117,0.00287,-0.05880 
-0.64944,0.16971,-0.13717 
0.000000000000000,0.000000000000000,0.000000000000000 
 0.000000000000000,0.000000000000000,0.000000000000000 
 0.000000000000000,0.000000000000000,0.000000000000000 
0.000000000000000,0.000000000000000,0.000000000000000 
 0.000000000000000,0.000000000000000,0.000000000000000 
 0.000000000000000,0.000000000000000,0.000000000000000 
0.000000000000000,0.000000000000000,0.000000000000000 
 0.000000000000000,0.000000000000000,0.000000000000000 
 0.000000000000000,0.000000000000000,0.000000000000000 
