55.939127042120766,-3.226691431838539,116.237213134765625 
0.076972348124671,0.000000000000000,0.000000000000000 
 0.000000000000000,0.105930779427595,0.000000000000000 
 0.000000000000000,0.000000000000000,0.194419404145592 
-0.00815,-0.00762,-0.12378,0.99225 
-0.00096,0.00094,0.00073 
-0.01466,0.04921,0.00224 
0.000000000000000,0.000000000000000,0.000000000000000 
 0.000000000000000,0.000000000000000,0.000000000000000 
 0.000000000000000,0.000000000000000,0.000000000000000 
0.000000000000000,0.000000000000000,0.000000000000000 
 0.000000000000000,0.000000000000000,0.000000000000000 
 0.000000000000000,0.000000000000000,0.000000000000000 
0.000000000000000,0.000000000000000,0.000000000000000 
 0.000000000000000,0.000000000000000,0.000000000000000 
 0.000000000000000,0.000000000000000,0.000000000000000 
