55.939127409244080,-3.226693079759149,116.091911315917969 
0.078043356292498,0.000000000000000,0.000000000000000 
 0.000000000000000,0.104640743683010,0.000000000000000 
 0.000000000000000,0.000000000000000,0.196054777612119 
-0.00833,-0.00781,-0.12409,0.99221 
-0.00065,0.00001,0.00101 
-0.00561,0.03069,0.03688 
0.000000000000000,0.000000000000000,0.000000000000000 
 0.000000000000000,0.000000000000000,0.000000000000000 
 0.000000000000000,0.000000000000000,0.000000000000000 
0.000000000000000,0.000000000000000,0.000000000000000 
 0.000000000000000,0.000000000000000,0.000000000000000 
 0.000000000000000,0.000000000000000,0.000000000000000 
0.000000000000000,0.000000000000000,0.000000000000000 
 0.000000000000000,0.000000000000000,0.000000000000000 
 0.000000000000000,0.000000000000000,0.000000000000000 
