55.939127345266989,-3.226692653076722,116.122444152832031 
0.077828735616770,0.000000000000000,0.000000000000000 
 0.000000000000000,0.104888284964709,0.000000000000000 
 0.000000000000000,0.000000000000000,0.195486473399819 
-0.00830,-0.00778,-0.12398,0.99222 
-0.00021,0.00002,0.00028 
-0.00104,0.02493,0.02520 
0.000000000000000,0.000000000000000,0.000000000000000 
 0.000000000000000,0.000000000000000,0.000000000000000 
 0.000000000000000,0.000000000000000,0.000000000000000 
0.000000000000000,0.000000000000000,0.000000000000000 
 0.000000000000000,0.000000000000000,0.000000000000000 
 0.000000000000000,0.000000000000000,0.000000000000000 
0.000000000000000,0.000000000000000,0.000000000000000 
 0.000000000000000,0.000000000000000,0.000000000000000 
 0.000000000000000,0.000000000000000,0.000000000000000 
