55.939128196802784,-3.226694777919541,115.935821533203125 
0.079365829565448,0.000000000000000,0.000000000000000 
 0.000000000000000,0.103270884507332,0.000000000000000 
 0.000000000000000,0.000000000000000,0.197386835601287 
-0.00842,-0.00781,-0.12445,0.99216 
-0.00011,0.00027,-0.00039 
0.01201,0.03839,-0.04983 
0.000000000000000,0.000000000000000,0.000000000000000 
 0.000000000000000,0.000000000000000,0.000000000000000 
 0.000000000000000,0.000000000000000,0.000000000000000 
0.000000000000000,0.000000000000000,0.000000000000000 
 0.000000000000000,0.000000000000000,0.000000000000000 
 0.000000000000000,0.000000000000000,0.000000000000000 
0.000000000000000,0.000000000000000,0.000000000000000 
 0.000000000000000,0.000000000000000,0.000000000000000 
 0.000000000000000,0.000000000000000,0.000000000000000 
