55.911856272379012,-3.317745788699899,145.400512695312500 
0.031964927410649,0.000000000000000,0.000000000000000 
 0.000000000000000,0.060763396200221,0.000000000000000 
 0.000000000000000,0.000000000000000,0.166542357828892 
-0.01351,-0.00283,-0.49758,0.86731 
-0.00271,0.03552,-0.13958 
-2.14556,-1.34892,-0.83828 
0.000000000000000,0.000000000000000,0.000000000000000 
 0.000000000000000,0.000000000000000,0.000000000000000 
 0.000000000000000,0.000000000000000,0.000000000000000 
0.000000000000000,0.000000000000000,0.000000000000000 
 0.000000000000000,0.000000000000000,0.000000000000000 
 0.000000000000000,0.000000000000000,0.000000000000000 
0.000000000000000,0.000000000000000,0.000000000000000 
 0.000000000000000,0.000000000000000,0.000000000000000 
 0.000000000000000,0.000000000000000,0.000000000000000 
-9.36599,5.46174,-0.36615 
-0.00271,0.03552,-0.13958 
