55.911728715046664,-3.317588357487242,146.710189819335938 
0.035799881880113,0.000000000000000,0.000000000000000 
 0.000000000000000,0.063842003395909,0.000000000000000 
 0.000000000000000,0.000000000000000,0.174504281832420 
-0.00548,0.00009,-0.44602,0.89501 
-0.01365,-0.02461,-0.01942 
-2.38028,0.31834,0.75249 
0.000000000000000,0.000000000000000,0.000000000000000 
 0.000000000000000,0.000000000000000,0.000000000000000 
 0.000000000000000,0.000000000000000,0.000000000000000 
0.000000000000000,0.000000000000000,0.000000000000000 
 0.000000000000000,0.000000000000000,0.000000000000000 
 0.000000000000000,0.000000000000000,0.000000000000000 
0.000000000000000,0.000000000000000,0.000000000000000 
 0.000000000000000,0.000000000000000,0.000000000000000 
 0.000000000000000,0.000000000000000,0.000000000000000 
-4.48734,3.31987,-0.46031 
-0.01365,-0.02461,-0.01942 
