55.939128527305044,-3.226695779306159,115.843589782714844 
0.079612793470717,0.000000000000000,0.000000000000000 
 0.000000000000000,0.102171946420726,0.000000000000000 
 0.000000000000000,0.000000000000000,0.197611619818475 
-0.00826,-0.00760,-0.12467,0.99214 
0.01043,0.01064,-0.00668 
0.62569,0.01554,0.31890 
0.000000000000000,0.000000000000000,0.000000000000000 
 0.000000000000000,0.000000000000000,0.000000000000000 
 0.000000000000000,0.000000000000000,0.000000000000000 
0.000000000000000,0.000000000000000,0.000000000000000 
 0.000000000000000,0.000000000000000,0.000000000000000 
 0.000000000000000,0.000000000000000,0.000000000000000 
0.000000000000000,0.000000000000000,0.000000000000000 
 0.000000000000000,0.000000000000000,0.000000000000000 
 0.000000000000000,0.000000000000000,0.000000000000000 
