55.911699103130850,-3.317548806180805,147.016906738281250 
0.036333094825889,0.000000000000000,0.000000000000000 
 0.000000000000000,0.064594632761160,0.000000000000000 
 0.000000000000000,0.000000000000000,0.175851621568165 
-0.00916,0.00744,-0.44646,0.89473 
-0.02435,0.03618,0.01963 
-1.99788,0.24574,-1.55002 
0.000000000000000,0.000000000000000,0.000000000000000 
 0.000000000000000,0.000000000000000,0.000000000000000 
 0.000000000000000,0.000000000000000,0.000000000000000 
0.000000000000000,0.000000000000000,0.000000000000000 
 0.000000000000000,0.000000000000000,0.000000000000000 
 0.000000000000000,0.000000000000000,0.000000000000000 
0.000000000000000,0.000000000000000,0.000000000000000 
 0.000000000000000,0.000000000000000,0.000000000000000 
 0.000000000000000,0.000000000000000,0.000000000000000 
-4.03092,2.83882,-0.38952 
-0.02435,0.03618,0.01963 
