55.939129502902325,-3.226686938970369,116.154083251953125 
0.078932556355412,0.000000000000000,0.000000000000000 
 0.000000000000000,0.101024677907290,0.000000000000000 
 0.000000000000000,0.000000000000000,0.198322546207748 
-0.00568,-0.00504,-0.09718,0.99524 
0.00125,0.00537,-0.14254 
1.62101,-0.24242,0.03059 
0.000000000000000,0.000000000000000,0.000000000000000 
 0.000000000000000,0.000000000000000,0.000000000000000 
 0.000000000000000,0.000000000000000,0.000000000000000 
0.000000000000000,0.000000000000000,0.000000000000000 
 0.000000000000000,0.000000000000000,0.000000000000000 
 0.000000000000000,0.000000000000000,0.000000000000000 
0.000000000000000,0.000000000000000,0.000000000000000 
 0.000000000000000,0.000000000000000,0.000000000000000 
 0.000000000000000,0.000000000000000,0.000000000000000 
