55.939130455537217,-3.226681378075388,116.151741027832031 
0.078171457291604,0.000000000000000,0.000000000000000 
 0.000000000000000,0.100631252670312,0.000000000000000 
 0.000000000000000,0.000000000000000,0.198091468522662 
-0.00418,-0.00506,-0.07042,0.99750 
0.01337,0.00382,-0.19975 
1.75434,-0.29276,-0.09352 
0.000000000000000,0.000000000000000,0.000000000000000 
 0.000000000000000,0.000000000000000,0.000000000000000 
 0.000000000000000,0.000000000000000,0.000000000000000 
0.000000000000000,0.000000000000000,0.000000000000000 
 0.000000000000000,0.000000000000000,0.000000000000000 
 0.000000000000000,0.000000000000000,0.000000000000000 
0.000000000000000,0.000000000000000,0.000000000000000 
 0.000000000000000,0.000000000000000,0.000000000000000 
 0.000000000000000,0.000000000000000,0.000000000000000 
