55.911725302701441,-3.317582757821113,146.783508300781250 
0.035983718391069,0.000000000000000,0.000000000000000 
 0.000000000000000,0.063984055688139,0.000000000000000 
 0.000000000000000,0.000000000000000,0.174718130734143 
-0.00847,0.00027,-0.44532,0.89533 
-0.05677,-0.02793,-0.01135 
-1.26634,-0.38726,0.54922 
0.000000000000000,0.000000000000000,0.000000000000000 
 0.000000000000000,0.000000000000000,0.000000000000000 
 0.000000000000000,0.000000000000000,0.000000000000000 
0.000000000000000,0.000000000000000,0.000000000000000 
 0.000000000000000,0.000000000000000,0.000000000000000 
 0.000000000000000,0.000000000000000,0.000000000000000 
0.000000000000000,0.000000000000000,0.000000000000000 
 0.000000000000000,0.000000000000000,0.000000000000000 
 0.000000000000000,0.000000000000000,0.000000000000000 
-4.27859,3.24271,-0.43430 
-0.05677,-0.02793,-0.01135 
