55.911647284286445,-3.317483986395292,147.249588012695312 
0.034460967492539,0.000000000000000,0.000000000000000 
 0.000000000000000,0.066132158713700,0.000000000000000 
 0.000000000000000,0.000000000000000,0.177064338437450 
-0.00963,0.00389,-0.45176,0.89208 
-0.00826,-0.06822,-0.00113 
0.84851,0.17766,0.97527 
0.000000000000000,0.000000000000000,0.000000000000000 
 0.000000000000000,0.000000000000000,0.000000000000000 
 0.000000000000000,0.000000000000000,0.000000000000000 
0.000000000000000,0.000000000000000,0.000000000000000 
 0.000000000000000,0.000000000000000,0.000000000000000 
 0.000000000000000,0.000000000000000,0.000000000000000 
0.000000000000000,0.000000000000000,0.000000000000000 
 0.000000000000000,0.000000000000000,0.000000000000000 
 0.000000000000000,0.000000000000000,0.000000000000000 
-3.54532,2.45356,-0.15242 
-0.00826,-0.06822,-0.00113 
