55.939134103679635,-3.226660453510490,116.110687255859375 
0.074862168890050,0.000000000000000,0.000000000000000 
 0.000000000000000,0.099484457031394,0.000000000000000 
 0.000000000000000,0.000000000000000,0.197666259105206 
-0.00231,-0.00487,0.00192,0.99998 
-0.02354,-0.00012,-0.21763 
1.40475,-0.58500,0.06578 
0.000000000000000,0.000000000000000,0.000000000000000 
 0.000000000000000,0.000000000000000,0.000000000000000 
 0.000000000000000,0.000000000000000,0.000000000000000 
0.000000000000000,0.000000000000000,0.000000000000000 
 0.000000000000000,0.000000000000000,0.000000000000000 
 0.000000000000000,0.000000000000000,0.000000000000000 
0.000000000000000,0.000000000000000,0.000000000000000 
 0.000000000000000,0.000000000000000,0.000000000000000 
 0.000000000000000,0.000000000000000,0.000000000000000 
