55.911613444337327,-3.317439760142466,147.185577392578125 
0.037253764109107,0.000000000000000,0.000000000000000 
 0.000000000000000,0.069664610205522,0.000000000000000 
 0.000000000000000,0.000000000000000,0.186924984669191 
-0.00091,0.01460,-0.44856,0.89363 
0.05593,-0.07425,-0.00358 
0.32138,0.05849,-6.36770 
0.000000000000000,0.000000000000000,0.000000000000000 
 0.000000000000000,0.000000000000000,0.000000000000000 
 0.000000000000000,0.000000000000000,0.000000000000000 
0.000000000000000,0.000000000000000,0.000000000000000 
 0.000000000000000,0.000000000000000,0.000000000000000 
 0.000000000000000,0.000000000000000,0.000000000000000 
0.000000000000000,0.000000000000000,0.000000000000000 
 0.000000000000000,0.000000000000000,0.000000000000000 
 0.000000000000000,0.000000000000000,0.000000000000000 
-4.11475,2.86899,-0.24281 
0.05593,-0.07425,-0.00358 
