55.911644159560510,-3.317479600684506,147.271606445312500 
0.034262132870417,0.000000000000000,0.000000000000000 
 0.000000000000000,0.066050776577975,0.000000000000000 
 0.000000000000000,0.000000000000000,0.176875252773002 
-0.01257,-0.00223,-0.45183,0.89201 
0.01737,-0.14956,-0.00064 
0.63378,0.48576,-0.18257 
0.000000000000000,0.000000000000000,0.000000000000000 
 0.000000000000000,0.000000000000000,0.000000000000000 
 0.000000000000000,0.000000000000000,0.000000000000000 
0.000000000000000,0.000000000000000,0.000000000000000 
 0.000000000000000,0.000000000000000,0.000000000000000 
 0.000000000000000,0.000000000000000,0.000000000000000 
0.000000000000000,0.000000000000000,0.000000000000000 
 0.000000000000000,0.000000000000000,0.000000000000000 
 0.000000000000000,0.000000000000000,0.000000000000000 
-3.61098,2.50614,-0.11570 
0.01737,-0.14956,-0.00064 
