55.939141241001458,-3.226627056167917,116.137535095214844 
0.071981929835339,0.000000000000000,0.000000000000000 
 0.000000000000000,0.098010846415164,0.000000000000000 
 0.000000000000000,0.000000000000000,0.197854586658877 
-0.00260,-0.00546,0.05971,0.99820 
0.00328,-0.01019,-0.13280 
0.94896,-0.26085,0.16028 
0.000000000000000,0.000000000000000,0.000000000000000 
 0.000000000000000,0.000000000000000,0.000000000000000 
 0.000000000000000,0.000000000000000,0.000000000000000 
0.000000000000000,0.000000000000000,0.000000000000000 
 0.000000000000000,0.000000000000000,0.000000000000000 
 0.000000000000000,0.000000000000000,0.000000000000000 
0.000000000000000,0.000000000000000,0.000000000000000 
 0.000000000000000,0.000000000000000,0.000000000000000 
 0.000000000000000,0.000000000000000,0.000000000000000 
