55.939160775656561,-3.226542046520865,116.208297729492188 
0.067999730298553,0.000000000000000,0.000000000000000 
 0.000000000000000,0.095893793120595,0.000000000000000 
 0.000000000000000,0.000000000000000,0.196889248303550 
-0.00722,-0.00806,0.10900,0.99398 
0.01376,-0.03875,-0.01896 
0.04870,0.24749,0.71213 
0.000000000000000,0.000000000000000,0.000000000000000 
 0.000000000000000,0.000000000000000,0.000000000000000 
 0.000000000000000,0.000000000000000,0.000000000000000 
0.000000000000000,0.000000000000000,0.000000000000000 
 0.000000000000000,0.000000000000000,0.000000000000000 
 0.000000000000000,0.000000000000000,0.000000000000000 
0.000000000000000,0.000000000000000,0.000000000000000 
 0.000000000000000,0.000000000000000,0.000000000000000 
 0.000000000000000,0.000000000000000,0.000000000000000 
