55.939167366592372,-3.226511597387805,116.253753662109375 
0.066875437953570,0.000000000000000,0.000000000000000 
 0.000000000000000,0.095287462483672,0.000000000000000 
 0.000000000000000,0.000000000000000,0.197620204734869 
-0.00815,-0.00776,0.10956,0.99392 
-0.00571,0.02598,0.01110 
-0.47347,-0.12379,-0.18201 
0.000000000000000,0.000000000000000,0.000000000000000 
 0.000000000000000,0.000000000000000,0.000000000000000 
 0.000000000000000,0.000000000000000,0.000000000000000 
0.000000000000000,0.000000000000000,0.000000000000000 
 0.000000000000000,0.000000000000000,0.000000000000000 
 0.000000000000000,0.000000000000000,0.000000000000000 
0.000000000000000,0.000000000000000,0.000000000000000 
 0.000000000000000,0.000000000000000,0.000000000000000 
 0.000000000000000,0.000000000000000,0.000000000000000 
