55.939187270196300,-3.226416482774383,116.377456665039062 
0.063898672779942,0.000000000000000,0.000000000000000 
 0.000000000000000,0.093536857196562,0.000000000000000 
 0.000000000000000,0.000000000000000,0.197722575680942 
-0.01032,-0.00976,0.09895,0.99499 
0.00944,-0.01676,0.03255 
0.81882,0.19696,0.07501 
0.000000000000000,0.000000000000000,0.000000000000000 
 0.000000000000000,0.000000000000000,0.000000000000000 
 0.000000000000000,0.000000000000000,0.000000000000000 
0.000000000000000,0.000000000000000,0.000000000000000 
 0.000000000000000,0.000000000000000,0.000000000000000 
 0.000000000000000,0.000000000000000,0.000000000000000 
0.000000000000000,0.000000000000000,0.000000000000000 
 0.000000000000000,0.000000000000000,0.000000000000000 
 0.000000000000000,0.000000000000000,0.000000000000000 
