55.911389579980472,-3.317103632031971,148.111816406250000 
0.036852265658682,0.000000000000000,0.000000000000000 
 0.000000000000000,0.068725445268591,0.000000000000000 
 0.000000000000000,0.000000000000000,0.178975098558895 
-0.01142,0.01099,-0.43235,0.90157 
0.06002,-0.04555,-0.00186 
0.19939,1.07180,-0.51104 
0.000000000000000,0.000000000000000,0.000000000000000 
 0.000000000000000,0.000000000000000,0.000000000000000 
 0.000000000000000,0.000000000000000,0.000000000000000 
0.000000000000000,0.000000000000000,0.000000000000000 
 0.000000000000000,0.000000000000000,0.000000000000000 
 0.000000000000000,0.000000000000000,0.000000000000000 
0.000000000000000,0.000000000000000,0.000000000000000 
 0.000000000000000,0.000000000000000,0.000000000000000 
 0.000000000000000,0.000000000000000,0.000000000000000 
-8.02284,6.40750,-0.30305 
0.06002,-0.04555,-0.00186 
