55.939213489190792,-3.225989213424607,116.786705017089844 
0.054547181203902,0.000000000000000,0.000000000000000 
 0.000000000000000,0.089732646707476,0.000000000000000 
 0.000000000000000,0.000000000000000,0.195479410723039 
-0.02361,-0.00362,-0.09296,0.99538 
-0.02846,0.06206,0.07764 
1.57702,0.36414,1.47330 
0.000000000000000,0.000000000000000,0.000000000000000 
 0.000000000000000,0.000000000000000,0.000000000000000 
 0.000000000000000,0.000000000000000,0.000000000000000 
0.000000000000000,0.000000000000000,0.000000000000000 
 0.000000000000000,0.000000000000000,0.000000000000000 
 0.000000000000000,0.000000000000000,0.000000000000000 
0.000000000000000,0.000000000000000,0.000000000000000 
 0.000000000000000,0.000000000000000,0.000000000000000 
 0.000000000000000,0.000000000000000,0.000000000000000 
