55.939212553116349,-3.226219701709962,116.552070617675781 
0.058144098184245,0.000000000000000,0.000000000000000 
 0.000000000000000,0.091641768340481,0.000000000000000 
 0.000000000000000,0.000000000000000,0.196796797319565 
-0.01312,-0.00681,0.00982,0.99984 
0.00622,-0.01452,0.11825 
1.18533,1.05570,1.31939 
0.000000000000000,0.000000000000000,0.000000000000000 
 0.000000000000000,0.000000000000000,0.000000000000000 
 0.000000000000000,0.000000000000000,0.000000000000000 
0.000000000000000,0.000000000000000,0.000000000000000 
 0.000000000000000,0.000000000000000,0.000000000000000 
 0.000000000000000,0.000000000000000,0.000000000000000 
0.000000000000000,0.000000000000000,0.000000000000000 
 0.000000000000000,0.000000000000000,0.000000000000000 
 0.000000000000000,0.000000000000000,0.000000000000000 
