55.911422052394663,-3.317148726990554,148.353729248046875 
0.036172322004924,0.000000000000000,0.000000000000000 
 0.000000000000000,0.068361521872365,0.000000000000000 
 0.000000000000000,0.000000000000000,0.178529078581594 
-0.01142,0.01105,-0.43148,0.90198 
-0.01807,-0.01713,0.00218 
1.47002,0.00867,0.34185 
0.000000000000000,0.000000000000000,0.000000000000000 
 0.000000000000000,0.000000000000000,0.000000000000000 
 0.000000000000000,0.000000000000000,0.000000000000000 
0.000000000000000,0.000000000000000,0.000000000000000 
 0.000000000000000,0.000000000000000,0.000000000000000 
 0.000000000000000,0.000000000000000,0.000000000000000 
0.000000000000000,0.000000000000000,0.000000000000000 
 0.000000000000000,0.000000000000000,0.000000000000000 
 0.000000000000000,0.000000000000000,0.000000000000000 
-7.36268,6.18853,-0.57576 
-0.01807,-0.01713,0.00218 
