55.939208989421061,-3.225946588460158,117.112915039062500 
0.053406951929800,0.000000000000000,0.000000000000000 
 0.000000000000000,0.089086167624007,0.000000000000000 
 0.000000000000000,0.000000000000000,0.195717187348060 
-0.01973,0.00294,-0.10228,0.99456 
0.05817,-0.05205,0.04465 
1.21141,0.52907,-1.23515 
0.000000000000000,0.000000000000000,0.000000000000000 
 0.000000000000000,0.000000000000000,0.000000000000000 
 0.000000000000000,0.000000000000000,0.000000000000000 
0.000000000000000,0.000000000000000,0.000000000000000 
 0.000000000000000,0.000000000000000,0.000000000000000 
 0.000000000000000,0.000000000000000,0.000000000000000 
0.000000000000000,0.000000000000000,0.000000000000000 
 0.000000000000000,0.000000000000000,0.000000000000000 
 0.000000000000000,0.000000000000000,0.000000000000000 
