55.911140282161178,-3.316744341029221,149.262832641601562 
0.036314356636925,0.000000000000000,0.000000000000000 
 0.000000000000000,0.069022074395381,0.000000000000000 
 0.000000000000000,0.000000000000000,0.180554442145024 
-0.00831,0.00984,-0.44011,0.89785 
-0.00701,-0.03717,-0.00045 
-0.64769,0.22708,0.94956 
0.000000000000000,0.000000000000000,0.000000000000000 
 0.000000000000000,0.000000000000000,0.000000000000000 
 0.000000000000000,0.000000000000000,0.000000000000000 
0.000000000000000,0.000000000000000,0.000000000000000 
 0.000000000000000,0.000000000000000,0.000000000000000 
 0.000000000000000,0.000000000000000,0.000000000000000 
0.000000000000000,0.000000000000000,0.000000000000000 
 0.000000000000000,0.000000000000000,0.000000000000000 
 0.000000000000000,0.000000000000000,0.000000000000000 
-8.40478,6.44513,-0.42278 
-0.00701,-0.03717,-0.00045 
