55.910992004037773,-3.316535812795049,150.036636352539062 
0.036362680213586,0.000000000000000,0.000000000000000 
 0.000000000000000,0.068179805737319,0.000000000000000 
 0.000000000000000,0.000000000000000,0.180835554830282 
-0.00829,0.00844,-0.44198,0.89695 
0.03640,0.01059,0.00291 
-1.12609,0.40725,-0.57191 
0.000000000000000,0.000000000000000,0.000000000000000 
 0.000000000000000,0.000000000000000,0.000000000000000 
 0.000000000000000,0.000000000000000,0.000000000000000 
0.000000000000000,0.000000000000000,0.000000000000000 
 0.000000000000000,0.000000000000000,0.000000000000000 
 0.000000000000000,0.000000000000000,0.000000000000000 
0.000000000000000,0.000000000000000,0.000000000000000 
 0.000000000000000,0.000000000000000,0.000000000000000 
 0.000000000000000,0.000000000000000,0.000000000000000 
-6.14013,4.82838,-0.40737 
0.03640,0.01059,0.00291 
