55.911000579285719,-3.316547387857661,150.060256958007812 
0.035941901674727,0.000000000000000,0.000000000000000 
 0.000000000000000,0.067740162376197,0.000000000000000 
 0.000000000000000,0.000000000000000,0.180271523547874 
-0.01167,0.00837,-0.44172,0.89704 
0.00649,0.01790,0.00480 
-0.79116,-0.19434,1.10110 
0.000000000000000,0.000000000000000,0.000000000000000 
 0.000000000000000,0.000000000000000,0.000000000000000 
 0.000000000000000,0.000000000000000,0.000000000000000 
0.000000000000000,0.000000000000000,0.000000000000000 
 0.000000000000000,0.000000000000000,0.000000000000000 
 0.000000000000000,0.000000000000000,0.000000000000000 
0.000000000000000,0.000000000000000,0.000000000000000 
 0.000000000000000,0.000000000000000,0.000000000000000 
 0.000000000000000,0.000000000000000,0.000000000000000 
-6.20277,4.94870,-0.47277 
0.00649,0.01790,0.00480 
