55.911017811761219,-3.316578710351131,149.658599853515625 
0.035733565855097,0.000000000000000,0.000000000000000 
 0.000000000000000,0.068099957116377,0.000000000000000 
 0.000000000000000,0.000000000000000,0.180723108854895 
-0.01026,0.01238,-0.44044,0.89764 
0.04890,-0.01460,0.00140 
-1.07669,0.30319,0.66800 
0.000000000000000,0.000000000000000,0.000000000000000 
 0.000000000000000,0.000000000000000,0.000000000000000 
 0.000000000000000,0.000000000000000,0.000000000000000 
0.000000000000000,0.000000000000000,0.000000000000000 
 0.000000000000000,0.000000000000000,0.000000000000000 
 0.000000000000000,0.000000000000000,0.000000000000000 
0.000000000000000,0.000000000000000,0.000000000000000 
 0.000000000000000,0.000000000000000,0.000000000000000 
 0.000000000000000,0.000000000000000,0.000000000000000 
-6.99695,4.86323,-0.24903 
0.04890,-0.01460,0.00140 
