55.939166416003694,-3.225357046993490,117.969139099121094 
0.044915401485369,0.000000000000000,0.000000000000000 
 0.000000000000000,0.085128556854280,0.000000000000000 
 0.000000000000000,0.000000000000000,0.189643036823796 
-0.01443,0.02435,-0.13132,0.99094 
0.01160,-0.01810,-0.00895 
0.25315,-0.22458,-0.54235 
0.000000000000000,0.000000000000000,0.000000000000000 
 0.000000000000000,0.000000000000000,0.000000000000000 
 0.000000000000000,0.000000000000000,0.000000000000000 
0.000000000000000,0.000000000000000,0.000000000000000 
 0.000000000000000,0.000000000000000,0.000000000000000 
 0.000000000000000,0.000000000000000,0.000000000000000 
0.000000000000000,0.000000000000000,0.000000000000000 
 0.000000000000000,0.000000000000000,0.000000000000000 
 0.000000000000000,0.000000000000000,0.000000000000000 
