55.939181056792656,-3.225550611711730,117.571487426757812 
0.045337671998769,0.000000000000000,0.000000000000000 
 0.000000000000000,0.084773322632722,0.000000000000000 
 0.000000000000000,0.000000000000000,0.190158990072874 
-0.00770,0.01867,-0.12834,0.99152 
-0.00257,-0.02511,0.00539 
0.19451,-0.20172,0.97906 
0.000000000000000,0.000000000000000,0.000000000000000 
 0.000000000000000,0.000000000000000,0.000000000000000 
 0.000000000000000,0.000000000000000,0.000000000000000 
0.000000000000000,0.000000000000000,0.000000000000000 
 0.000000000000000,0.000000000000000,0.000000000000000 
 0.000000000000000,0.000000000000000,0.000000000000000 
0.000000000000000,0.000000000000000,0.000000000000000 
 0.000000000000000,0.000000000000000,0.000000000000000 
 0.000000000000000,0.000000000000000,0.000000000000000 
