55.911064316791460,-3.316638029045059,149.517425537109375 
0.035062976662488,0.000000000000000,0.000000000000000 
 0.000000000000000,0.067886298499475,0.000000000000000 
 0.000000000000000,0.000000000000000,0.180305259590373 
-0.01232,0.01061,-0.44011,0.89780 
0.01156,-0.02136,0.00007 
-1.75757,0.38446,-0.11859 
0.000000000000000,0.000000000000000,0.000000000000000 
 0.000000000000000,0.000000000000000,0.000000000000000 
 0.000000000000000,0.000000000000000,0.000000000000000 
0.000000000000000,0.000000000000000,0.000000000000000 
 0.000000000000000,0.000000000000000,0.000000000000000 
 0.000000000000000,0.000000000000000,0.000000000000000 
0.000000000000000,0.000000000000000,0.000000000000000 
 0.000000000000000,0.000000000000000,0.000000000000000 
 0.000000000000000,0.000000000000000,0.000000000000000 
-7.50498,5.80543,-0.32951 
0.01156,-0.02136,0.00007 
