55.939161289026757,-3.225292767333396,118.201141357421875 
0.045387905796347,0.000000000000000,0.000000000000000 
 0.000000000000000,0.085987379277484,0.000000000000000 
 0.000000000000000,0.000000000000000,0.189576386017066 
-0.01250,0.02250,-0.13000,0.99118 
0.00802,-0.01838,-0.00655 
0.16104,-0.12459,-0.24388 
0.000000000000000,0.000000000000000,0.000000000000000 
 0.000000000000000,0.000000000000000,0.000000000000000 
 0.000000000000000,0.000000000000000,0.000000000000000 
0.000000000000000,0.000000000000000,0.000000000000000 
 0.000000000000000,0.000000000000000,0.000000000000000 
 0.000000000000000,0.000000000000000,0.000000000000000 
0.000000000000000,0.000000000000000,0.000000000000000 
 0.000000000000000,0.000000000000000,0.000000000000000 
 0.000000000000000,0.000000000000000,0.000000000000000 
