55.939130981507716,-3.224879660786519,119.794303894042969 
0.046633654785266,0.000000000000000,0.000000000000000 
 0.000000000000000,0.087432206019785,0.000000000000000 
 0.000000000000000,0.000000000000000,0.190383730682697 
-0.01290,0.02763,-0.12172,0.99210 
0.01492,0.00757,0.00316 
0.19961,-0.07898,-0.02493 
0.000000000000000,0.000000000000000,0.000000000000000 
 0.000000000000000,0.000000000000000,0.000000000000000 
 0.000000000000000,0.000000000000000,0.000000000000000 
0.000000000000000,0.000000000000000,0.000000000000000 
 0.000000000000000,0.000000000000000,0.000000000000000 
 0.000000000000000,0.000000000000000,0.000000000000000 
0.000000000000000,0.000000000000000,0.000000000000000 
 0.000000000000000,0.000000000000000,0.000000000000000 
 0.000000000000000,0.000000000000000,0.000000000000000 
