55.939133686831660,-3.224918479229391,119.646049499511719 
0.046332376620598,0.000000000000000,0.000000000000000 
 0.000000000000000,0.087027700123273,0.000000000000000 
 0.000000000000000,0.000000000000000,0.190010137436744 
-0.01592,0.02600,-0.12176,0.99209 
0.05302,0.01373,0.00520 
0.28002,0.04168,0.73360 
0.000000000000000,0.000000000000000,0.000000000000000 
 0.000000000000000,0.000000000000000,0.000000000000000 
 0.000000000000000,0.000000000000000,0.000000000000000 
0.000000000000000,0.000000000000000,0.000000000000000 
 0.000000000000000,0.000000000000000,0.000000000000000 
 0.000000000000000,0.000000000000000,0.000000000000000 
0.000000000000000,0.000000000000000,0.000000000000000 
 0.000000000000000,0.000000000000000,0.000000000000000 
 0.000000000000000,0.000000000000000,0.000000000000000 
