55.910952423484922,-3.316474038467613,150.469116210937500 
0.037983729665042,0.000000000000000,0.000000000000000 
 0.000000000000000,0.069582308540962,0.000000000000000 
 0.000000000000000,0.000000000000000,0.182777331536962 
-0.00355,0.00145,-0.44184,0.89708 
0.02177,-0.00950,-0.01248 
-1.14628,-0.05407,0.09835 
0.000000000000000,0.000000000000000,0.000000000000000 
 0.000000000000000,0.000000000000000,0.000000000000000 
 0.000000000000000,0.000000000000000,0.000000000000000 
0.000000000000000,0.000000000000000,0.000000000000000 
 0.000000000000000,0.000000000000000,0.000000000000000 
 0.000000000000000,0.000000000000000,0.000000000000000 
0.000000000000000,0.000000000000000,0.000000000000000 
 0.000000000000000,0.000000000000000,0.000000000000000 
 0.000000000000000,0.000000000000000,0.000000000000000 
-5.06085,4.49970,-0.49008 
0.02177,-0.00950,-0.01248 
