55.939138018032601,-3.224963879407694,119.341804504394531 
0.046030610580349,0.000000000000000,0.000000000000000 
 0.000000000000000,0.086800843323332,0.000000000000000 
 0.000000000000000,0.000000000000000,0.190294328134261 
-0.01658,0.02491,-0.12150,0.99214 
0.01394,0.06070,0.00378 
0.17247,-0.28221,-0.42861 
0.000000000000000,0.000000000000000,0.000000000000000 
 0.000000000000000,0.000000000000000,0.000000000000000 
 0.000000000000000,0.000000000000000,0.000000000000000 
0.000000000000000,0.000000000000000,0.000000000000000 
 0.000000000000000,0.000000000000000,0.000000000000000 
 0.000000000000000,0.000000000000000,0.000000000000000 
0.000000000000000,0.000000000000000,0.000000000000000 
 0.000000000000000,0.000000000000000,0.000000000000000 
 0.000000000000000,0.000000000000000,0.000000000000000 
