55.939135041786180,-3.224933840945329,119.565231323242188 
0.046176490279024,0.000000000000000,0.000000000000000 
 0.000000000000000,0.086859997870335,0.000000000000000 
 0.000000000000000,0.000000000000000,0.190058492559616 
-0.01699,0.02583,-0.12140,0.99212 
-0.01577,-0.02416,-0.00016 
0.20134,-0.07668,-0.05775 
0.000000000000000,0.000000000000000,0.000000000000000 
 0.000000000000000,0.000000000000000,0.000000000000000 
 0.000000000000000,0.000000000000000,0.000000000000000 
0.000000000000000,0.000000000000000,0.000000000000000 
 0.000000000000000,0.000000000000000,0.000000000000000 
 0.000000000000000,0.000000000000000,0.000000000000000 
0.000000000000000,0.000000000000000,0.000000000000000 
 0.000000000000000,0.000000000000000,0.000000000000000 
 0.000000000000000,0.000000000000000,0.000000000000000 
