55.939113792126669,-3.224612554283063,120.638854980468750 
0.044959896664315,0.000000000000000,0.000000000000000 
 0.000000000000000,0.088044738115912,0.000000000000000 
 0.000000000000000,0.000000000000000,0.190512800700166 
-0.01049,0.02260,-0.11727,0.99279 
0.03875,-0.00292,-0.00972 
-0.66233,0.07587,0.04200 
0.000000000000000,0.000000000000000,0.000000000000000 
 0.000000000000000,0.000000000000000,0.000000000000000 
 0.000000000000000,0.000000000000000,0.000000000000000 
0.000000000000000,0.000000000000000,0.000000000000000 
 0.000000000000000,0.000000000000000,0.000000000000000 
 0.000000000000000,0.000000000000000,0.000000000000000 
0.000000000000000,0.000000000000000,0.000000000000000 
 0.000000000000000,0.000000000000000,0.000000000000000 
 0.000000000000000,0.000000000000000,0.000000000000000 
