55.911229699273555,-3.315383285984240,150.254486083984375 
0.037734383399185,0.000000000000000,0.000000000000000 
 0.000000000000000,0.070899608014784,0.000000000000000 
 0.000000000000000,0.000000000000000,0.190637203973808 
-0.01165,-0.02039,0.31446,0.94898 
0.03199,-0.04708,-0.00022 
-1.32600,0.16589,-2.60563 
0.000000000000000,0.000000000000000,0.000000000000000 
 0.000000000000000,0.000000000000000,0.000000000000000 
 0.000000000000000,0.000000000000000,0.000000000000000 
0.000000000000000,0.000000000000000,0.000000000000000 
 0.000000000000000,0.000000000000000,0.000000000000000 
 0.000000000000000,0.000000000000000,0.000000000000000 
0.000000000000000,0.000000000000000,0.000000000000000 
 0.000000000000000,0.000000000000000,0.000000000000000 
 0.000000000000000,0.000000000000000,0.000000000000000 
2.95909,3.70525,-0.05113 
0.03199,-0.04708,-0.00022 
