55.939125952940351,-3.224801080145219,120.051406860351562 
0.047161378594334,0.000000000000000,0.000000000000000 
 0.000000000000000,0.088201453480963,0.000000000000000 
 0.000000000000000,0.000000000000000,0.190981560597479 
-0.01358,0.02587,-0.12112,0.99221 
-0.02404,0.02994,-0.00366 
0.52269,-0.18353,1.73711 
0.000000000000000,0.000000000000000,0.000000000000000 
 0.000000000000000,0.000000000000000,0.000000000000000 
 0.000000000000000,0.000000000000000,0.000000000000000 
0.000000000000000,0.000000000000000,0.000000000000000 
 0.000000000000000,0.000000000000000,0.000000000000000 
 0.000000000000000,0.000000000000000,0.000000000000000 
0.000000000000000,0.000000000000000,0.000000000000000 
 0.000000000000000,0.000000000000000,0.000000000000000 
 0.000000000000000,0.000000000000000,0.000000000000000 
