55.939118843908517,-3.224690799493397,120.463630676269531 
0.047848661474150,0.000000000000000,0.000000000000000 
 0.000000000000000,0.089675395452105,0.000000000000000 
 0.000000000000000,0.000000000000000,0.191306466206393 
-0.01211,0.02658,-0.11898,0.99247 
-0.00017,-0.00317,-0.00429 
-0.01634,0.13477,0.48862 
0.000000000000000,0.000000000000000,0.000000000000000 
 0.000000000000000,0.000000000000000,0.000000000000000 
 0.000000000000000,0.000000000000000,0.000000000000000 
0.000000000000000,0.000000000000000,0.000000000000000 
 0.000000000000000,0.000000000000000,0.000000000000000 
 0.000000000000000,0.000000000000000,0.000000000000000 
0.000000000000000,0.000000000000000,0.000000000000000 
 0.000000000000000,0.000000000000000,0.000000000000000 
 0.000000000000000,0.000000000000000,0.000000000000000 
