55.911257280116800,-3.315321699306512,150.198074340820312 
0.037545723912572,0.000000000000000,0.000000000000000 
 0.000000000000000,0.070695401339492,0.000000000000000 
 0.000000000000000,0.000000000000000,0.190430624705237 
0.00278,-0.04118,0.31613,0.94782 
0.03233,0.00399,-0.00657 
0.92481,0.01805,-1.04761 
0.000000000000000,0.000000000000000,0.000000000000000 
 0.000000000000000,0.000000000000000,0.000000000000000 
 0.000000000000000,0.000000000000000,0.000000000000000 
0.000000000000000,0.000000000000000,0.000000000000000 
 0.000000000000000,0.000000000000000,0.000000000000000 
 0.000000000000000,0.000000000000000,0.000000000000000 
0.000000000000000,0.000000000000000,0.000000000000000 
 0.000000000000000,0.000000000000000,0.000000000000000 
 0.000000000000000,0.000000000000000,0.000000000000000 
3.05817,4.06396,0.14972 
0.03233,0.00399,-0.00657 
