55.911381158664355,-3.315061637056837,150.269195556640625 
0.034128561840706,0.000000000000000,0.000000000000000 
 0.000000000000000,0.066310743413994,0.000000000000000 
 0.000000000000000,0.000000000000000,0.183884150687291 
-0.00697,-0.02057,0.32107,0.94681 
-0.01160,-0.00652,0.01329 
1.46864,-0.09780,-0.21022 
0.000000000000000,0.000000000000000,0.000000000000000 
 0.000000000000000,0.000000000000000,0.000000000000000 
 0.000000000000000,0.000000000000000,0.000000000000000 
0.000000000000000,0.000000000000000,0.000000000000000 
 0.000000000000000,0.000000000000000,0.000000000000000 
 0.000000000000000,0.000000000000000,0.000000000000000 
0.000000000000000,0.000000000000000,0.000000000000000 
 0.000000000000000,0.000000000000000,0.000000000000000 
 0.000000000000000,0.000000000000000,0.000000000000000 
6.27863,7.73157,0.04805 
-0.01160,-0.00652,0.01329 
