55.939110429018406,-3.224566592460905,120.814987182617188 
0.044820249630693,0.000000000000000,0.000000000000000 
 0.000000000000000,0.087987055544262,0.000000000000000 
 0.000000000000000,0.000000000000000,0.190323866618773 
-0.00937,0.02205,-0.11416,0.99317 
0.02257,0.00825,-0.02469 
-0.67760,-0.28624,-0.92714 
0.000000000000000,0.000000000000000,0.000000000000000 
 0.000000000000000,0.000000000000000,0.000000000000000 
 0.000000000000000,0.000000000000000,0.000000000000000 
0.000000000000000,0.000000000000000,0.000000000000000 
 0.000000000000000,0.000000000000000,0.000000000000000 
 0.000000000000000,0.000000000000000,0.000000000000000 
0.000000000000000,0.000000000000000,0.000000000000000 
 0.000000000000000,0.000000000000000,0.000000000000000 
 0.000000000000000,0.000000000000000,0.000000000000000 
