55.911797111710300,-3.314135752049247,147.514862060546875 
0.029197170061256,0.000000000000000,0.000000000000000 
 0.000000000000000,0.060720413012376,0.000000000000000 
 0.000000000000000,0.000000000000000,0.172003306871616 
-0.00884,-0.03101,0.31442,0.94873 
-0.01425,-0.04145,-0.00434 
1.46017,0.23467,0.08034 
0.000000000000000,0.000000000000000,0.000000000000000 
 0.000000000000000,0.000000000000000,0.000000000000000 
 0.000000000000000,0.000000000000000,0.000000000000000 
0.000000000000000,0.000000000000000,0.000000000000000 
 0.000000000000000,0.000000000000000,0.000000000000000 
 0.000000000000000,0.000000000000000,0.000000000000000 
0.000000000000000,0.000000000000000,0.000000000000000 
 0.000000000000000,0.000000000000000,0.000000000000000 
 0.000000000000000,0.000000000000000,0.000000000000000 
6.74313,8.50525,0.25768 
-0.01425,-0.04145,-0.00434 
