55.911819318372281,-3.314086923358887,147.334854125976562 
0.029157605525043,0.000000000000000,0.000000000000000 
 0.000000000000000,0.060538153442914,0.000000000000000 
 0.000000000000000,0.000000000000000,0.171898633592634 
-0.00976,-0.03810,0.31434,0.94850 
0.00199,0.01541,0.00148 
0.14354,-0.35517,-0.07751 
0.000000000000000,0.000000000000000,0.000000000000000 
 0.000000000000000,0.000000000000000,0.000000000000000 
 0.000000000000000,0.000000000000000,0.000000000000000 
0.000000000000000,0.000000000000000,0.000000000000000 
 0.000000000000000,0.000000000000000,0.000000000000000 
 0.000000000000000,0.000000000000000,0.000000000000000 
0.000000000000000,0.000000000000000,0.000000000000000 
 0.000000000000000,0.000000000000000,0.000000000000000 
 0.000000000000000,0.000000000000000,0.000000000000000 
6.94696,8.63646,0.43881 
0.00199,0.01541,0.00148 
