55.939096788852787,-3.224171499389134,122.899612426757812 
0.044015204246159,0.000000000000000,0.000000000000000 
 0.000000000000000,0.087080933948730,0.000000000000000 
 0.000000000000000,0.000000000000000,0.192341547308645 
-0.01045,0.02238,-0.07278,0.99704 
-0.02501,-0.03572,-0.02253 
0.34842,-0.38772,-0.40198 
0.000000000000000,0.000000000000000,0.000000000000000 
 0.000000000000000,0.000000000000000,0.000000000000000 
 0.000000000000000,0.000000000000000,0.000000000000000 
0.000000000000000,0.000000000000000,0.000000000000000 
 0.000000000000000,0.000000000000000,0.000000000000000 
 0.000000000000000,0.000000000000000,0.000000000000000 
0.000000000000000,0.000000000000000,0.000000000000000 
 0.000000000000000,0.000000000000000,0.000000000000000 
 0.000000000000000,0.000000000000000,0.000000000000000 
