55.939097854562192,-3.224277599736204,122.312042236328125 
0.043935458908821,0.000000000000000,0.000000000000000 
 0.000000000000000,0.087011312939503,0.000000000000000 
 0.000000000000000,0.000000000000000,0.191731151115992 
-0.00873,0.02319,-0.08177,0.99634 
0.01170,-0.00162,-0.03171 
0.18907,-0.44777,-0.62882 
0.000000000000000,0.000000000000000,0.000000000000000 
 0.000000000000000,0.000000000000000,0.000000000000000 
 0.000000000000000,0.000000000000000,0.000000000000000 
0.000000000000000,0.000000000000000,0.000000000000000 
 0.000000000000000,0.000000000000000,0.000000000000000 
 0.000000000000000,0.000000000000000,0.000000000000000 
0.000000000000000,0.000000000000000,0.000000000000000 
 0.000000000000000,0.000000000000000,0.000000000000000 
 0.000000000000000,0.000000000000000,0.000000000000000 
