55.939096313927216,-3.224120656699994,123.139274597167969 
0.048220655210605,0.000000000000000,0.000000000000000 
 0.000000000000000,0.091396807893261,0.000000000000000 
 0.000000000000000,0.000000000000000,0.201850209801791 
-0.00337,0.02015,-0.06865,0.99743 
0.02818,-0.01585,-0.04031 
0.39642,-0.72443,0.15078 
0.000000000000000,0.000000000000000,0.000000000000000 
 0.000000000000000,0.000000000000000,0.000000000000000 
 0.000000000000000,0.000000000000000,0.000000000000000 
0.000000000000000,0.000000000000000,0.000000000000000 
 0.000000000000000,0.000000000000000,0.000000000000000 
 0.000000000000000,0.000000000000000,0.000000000000000 
0.000000000000000,0.000000000000000,0.000000000000000 
 0.000000000000000,0.000000000000000,0.000000000000000 
 0.000000000000000,0.000000000000000,0.000000000000000 
