55.939099890968272,-3.223975540960062,123.958236694335938 
0.043356488906884,0.000000000000000,0.000000000000000 
 0.000000000000000,0.089777199998625,0.000000000000000 
 0.000000000000000,0.000000000000000,0.196718696334202 
-0.01552,0.02269,-0.04001,0.99882 
0.00022,-0.02263,-0.07443 
0.58578,-0.79422,0.56050 
0.000000000000000,0.000000000000000,0.000000000000000 
 0.000000000000000,0.000000000000000,0.000000000000000 
 0.000000000000000,0.000000000000000,0.000000000000000 
0.000000000000000,0.000000000000000,0.000000000000000 
 0.000000000000000,0.000000000000000,0.000000000000000 
 0.000000000000000,0.000000000000000,0.000000000000000 
0.000000000000000,0.000000000000000,0.000000000000000 
 0.000000000000000,0.000000000000000,0.000000000000000 
 0.000000000000000,0.000000000000000,0.000000000000000 
