55.939104452866808,-3.223908576616450,124.373931884765625 
0.039282478940606,0.000000000000000,0.000000000000000 
 0.000000000000000,0.086928099715800,0.000000000000000 
 0.000000000000000,0.000000000000000,0.188848740372088 
-0.01636,0.02191,-0.01962,0.99943 
-0.01278,-0.00392,-0.09691 
0.70575,-0.51536,0.04982 
0.000000000000000,0.000000000000000,0.000000000000000 
 0.000000000000000,0.000000000000000,0.000000000000000 
 0.000000000000000,0.000000000000000,0.000000000000000 
0.000000000000000,0.000000000000000,0.000000000000000 
 0.000000000000000,0.000000000000000,0.000000000000000 
 0.000000000000000,0.000000000000000,0.000000000000000 
0.000000000000000,0.000000000000000,0.000000000000000 
 0.000000000000000,0.000000000000000,0.000000000000000 
 0.000000000000000,0.000000000000000,0.000000000000000 
