55.912162955111896,-3.313327607899078,147.064331054687500 
0.031642541643251,0.000000000000000,0.000000000000000 
 0.000000000000000,0.062040387314476,0.000000000000000 
 0.000000000000000,0.000000000000000,0.175938464947628 
-0.01254,-0.01398,0.37070,0.92856 
0.00865,0.01582,-0.20279 
0.53094,-1.86887,0.22617 
0.000000000000000,0.000000000000000,0.000000000000000 
 0.000000000000000,0.000000000000000,0.000000000000000 
 0.000000000000000,0.000000000000000,0.000000000000000 
0.000000000000000,0.000000000000000,0.000000000000000 
 0.000000000000000,0.000000000000000,0.000000000000000 
 0.000000000000000,0.000000000000000,0.000000000000000 
0.000000000000000,0.000000000000000,0.000000000000000 
 0.000000000000000,0.000000000000000,0.000000000000000 
 0.000000000000000,0.000000000000000,0.000000000000000 
7.91989,7.57026,-0.21300 
0.00865,0.01582,-0.20279 
