55.939099344462313,-3.223998297820917,123.848770141601562 
0.041701449518769,0.000000000000000,0.000000000000000 
 0.000000000000000,0.088027424286011,0.000000000000000 
 0.000000000000000,0.000000000000000,0.192491911657417 
-0.01705,0.02480,-0.04509,0.99853 
0.01599,0.01307,-0.06870 
0.26285,-0.43942,-0.75525 
0.000000000000000,0.000000000000000,0.000000000000000 
 0.000000000000000,0.000000000000000,0.000000000000000 
 0.000000000000000,0.000000000000000,0.000000000000000 
0.000000000000000,0.000000000000000,0.000000000000000 
 0.000000000000000,0.000000000000000,0.000000000000000 
 0.000000000000000,0.000000000000000,0.000000000000000 
0.000000000000000,0.000000000000000,0.000000000000000 
 0.000000000000000,0.000000000000000,0.000000000000000 
 0.000000000000000,0.000000000000000,0.000000000000000 
