55.939108931794294,-3.223837741197341,124.605636596679688 
0.039313336021483,0.000000000000000,0.000000000000000 
 0.000000000000000,0.086868394952519,0.000000000000000 
 0.000000000000000,0.000000000000000,0.188939124063396 
-0.02112,0.02220,0.00063,0.99953 
-0.00756,-0.00172,-0.07660 
0.68450,-0.54470,0.92473 
0.000000000000000,0.000000000000000,0.000000000000000 
 0.000000000000000,0.000000000000000,0.000000000000000 
 0.000000000000000,0.000000000000000,0.000000000000000 
0.000000000000000,0.000000000000000,0.000000000000000 
 0.000000000000000,0.000000000000000,0.000000000000000 
 0.000000000000000,0.000000000000000,0.000000000000000 
0.000000000000000,0.000000000000000,0.000000000000000 
 0.000000000000000,0.000000000000000,0.000000000000000 
 0.000000000000000,0.000000000000000,0.000000000000000 
