55.939099170271646,-3.224005915168898,123.816406250000000 
0.041228522875309,0.000000000000000,0.000000000000000 
 0.000000000000000,0.087522872110867,0.000000000000000 
 0.000000000000000,0.000000000000000,0.192032453642955 
-0.01734,0.02458,-0.04682,0.99845 
-0.03089,0.04033,-0.06323 
0.53905,-0.60226,-0.36674 
0.000000000000000,0.000000000000000,0.000000000000000 
 0.000000000000000,0.000000000000000,0.000000000000000 
 0.000000000000000,0.000000000000000,0.000000000000000 
0.000000000000000,0.000000000000000,0.000000000000000 
 0.000000000000000,0.000000000000000,0.000000000000000 
 0.000000000000000,0.000000000000000,0.000000000000000 
0.000000000000000,0.000000000000000,0.000000000000000 
 0.000000000000000,0.000000000000000,0.000000000000000 
 0.000000000000000,0.000000000000000,0.000000000000000 
