55.939137005111327,-3.223578584389978,125.734558105468750 
0.039602500851308,0.000000000000000,0.000000000000000 
 0.000000000000000,0.087134483155470,0.000000000000000 
 0.000000000000000,0.000000000000000,0.189365246785830 
-0.00950,0.01735,0.08033,0.99657 
0.01754,-0.00290,-0.22056 
0.02286,-2.05660,-0.87821 
0.000000000000000,0.000000000000000,0.000000000000000 
 0.000000000000000,0.000000000000000,0.000000000000000 
 0.000000000000000,0.000000000000000,0.000000000000000 
0.000000000000000,0.000000000000000,0.000000000000000 
 0.000000000000000,0.000000000000000,0.000000000000000 
 0.000000000000000,0.000000000000000,0.000000000000000 
0.000000000000000,0.000000000000000,0.000000000000000 
 0.000000000000000,0.000000000000000,0.000000000000000 
 0.000000000000000,0.000000000000000,0.000000000000000 
