55.939232642934954,-3.223301572436284,126.459991455078125 
0.038763916286927,0.000000000000000,0.000000000000000 
 0.000000000000000,0.086218614210853,0.000000000000000 
 0.000000000000000,0.000000000000000,0.187544388353644 
-0.00495,0.00570,0.30421,0.95258 
-0.01116,0.00757,-0.18618 
-0.62075,-1.64189,0.67968 
0.000000000000000,0.000000000000000,0.000000000000000 
 0.000000000000000,0.000000000000000,0.000000000000000 
 0.000000000000000,0.000000000000000,0.000000000000000 
0.000000000000000,0.000000000000000,0.000000000000000 
 0.000000000000000,0.000000000000000,0.000000000000000 
 0.000000000000000,0.000000000000000,0.000000000000000 
0.000000000000000,0.000000000000000,0.000000000000000 
 0.000000000000000,0.000000000000000,0.000000000000000 
 0.000000000000000,0.000000000000000,0.000000000000000 
