55.912920441750451,-3.312838182543850,146.574859619140625 
0.031983621746407,0.000000000000000,0.000000000000000 
 0.000000000000000,0.058082521061365,0.000000000000000 
 0.000000000000000,0.000000000000000,0.171635571122408 
0.02317,-0.02154,0.60584,0.79496 
-0.00618,-0.01234,-0.16714 
-0.02983,-2.19722,0.30803 
0.000000000000000,0.000000000000000,0.000000000000000 
 0.000000000000000,0.000000000000000,0.000000000000000 
 0.000000000000000,0.000000000000000,0.000000000000000 
0.000000000000000,0.000000000000000,0.000000000000000 
 0.000000000000000,0.000000000000000,0.000000000000000 
 0.000000000000000,0.000000000000000,0.000000000000000 
0.000000000000000,0.000000000000000,0.000000000000000 
 0.000000000000000,0.000000000000000,0.000000000000000 
 0.000000000000000,0.000000000000000,0.000000000000000 
12.84542,2.99620,0.20972 
-0.00618,-0.01234,-0.16714 
