55.939123071903303,-3.223689412280851,125.175262451171875 
0.039566266180210,0.000000000000000,0.000000000000000 
 0.000000000000000,0.087218199944524,0.000000000000000 
 0.000000000000000,0.000000000000000,0.188922594848240 
-0.02428,0.02027,0.03059,0.99903 
0.04151,0.03945,-0.07345 
0.50761,-0.69586,0.17740 
0.000000000000000,0.000000000000000,0.000000000000000 
 0.000000000000000,0.000000000000000,0.000000000000000 
 0.000000000000000,0.000000000000000,0.000000000000000 
0.000000000000000,0.000000000000000,0.000000000000000 
 0.000000000000000,0.000000000000000,0.000000000000000 
 0.000000000000000,0.000000000000000,0.000000000000000 
0.000000000000000,0.000000000000000,0.000000000000000 
 0.000000000000000,0.000000000000000,0.000000000000000 
 0.000000000000000,0.000000000000000,0.000000000000000 
