55.939171010114080,-3.223441637016395,126.145820617675781 
0.039226148629471,0.000000000000000,0.000000000000000 
 0.000000000000000,0.086684665443472,0.000000000000000 
 0.000000000000000,0.000000000000000,0.188943217617098 
-0.00199,0.01275,0.18530,0.98260 
0.09635,-0.01920,-0.27223 
-0.55153,-2.67056,-0.08430 
0.000000000000000,0.000000000000000,0.000000000000000 
 0.000000000000000,0.000000000000000,0.000000000000000 
 0.000000000000000,0.000000000000000,0.000000000000000 
0.000000000000000,0.000000000000000,0.000000000000000 
 0.000000000000000,0.000000000000000,0.000000000000000 
 0.000000000000000,0.000000000000000,0.000000000000000 
0.000000000000000,0.000000000000000,0.000000000000000 
 0.000000000000000,0.000000000000000,0.000000000000000 
 0.000000000000000,0.000000000000000,0.000000000000000 
