55.939527505434739,-3.222861792719659,128.092788696289062 
0.040219736641976,0.000000000000000,0.000000000000000 
 0.000000000000000,0.082885346539180,0.000000000000000 
 0.000000000000000,0.000000000000000,0.188597649967765 
-0.00809,0.00627,0.35182,0.93601 
-0.01129,0.01251,0.00344 
-0.00747,0.00259,0.15766 
0.000000000000000,0.000000000000000,0.000000000000000 
 0.000000000000000,0.000000000000000,0.000000000000000 
 0.000000000000000,0.000000000000000,0.000000000000000 
0.000000000000000,0.000000000000000,0.000000000000000 
 0.000000000000000,0.000000000000000,0.000000000000000 
 0.000000000000000,0.000000000000000,0.000000000000000 
0.000000000000000,0.000000000000000,0.000000000000000 
 0.000000000000000,0.000000000000000,0.000000000000000 
 0.000000000000000,0.000000000000000,0.000000000000000 
