55.939524064280164,-3.222867246115547,128.072677612304688 
0.039713192967611,0.000000000000000,0.000000000000000 
 0.000000000000000,0.082364963181366,0.000000000000000 
 0.000000000000000,0.000000000000000,0.186847863128779 
-0.00772,0.00607,0.35190,0.93599 
-0.00476,0.00680,0.00162 
-0.00174,0.13068,0.27162 
0.000000000000000,0.000000000000000,0.000000000000000 
 0.000000000000000,0.000000000000000,0.000000000000000 
 0.000000000000000,0.000000000000000,0.000000000000000 
0.000000000000000,0.000000000000000,0.000000000000000 
 0.000000000000000,0.000000000000000,0.000000000000000 
 0.000000000000000,0.000000000000000,0.000000000000000 
0.000000000000000,0.000000000000000,0.000000000000000 
 0.000000000000000,0.000000000000000,0.000000000000000 
 0.000000000000000,0.000000000000000,0.000000000000000 
