55.939447147005538,-3.222984618974304,127.652412414550781 
0.039435074493810,0.000000000000000,0.000000000000000 
 0.000000000000000,0.082606130391728,0.000000000000000 
 0.000000000000000,0.000000000000000,0.184577644517362 
-0.01171,0.00575,0.36108,0.93244 
-0.02286,-0.01066,0.03395 
0.28741,0.42990,-0.10362 
0.000000000000000,0.000000000000000,0.000000000000000 
 0.000000000000000,0.000000000000000,0.000000000000000 
 0.000000000000000,0.000000000000000,0.000000000000000 
0.000000000000000,0.000000000000000,0.000000000000000 
 0.000000000000000,0.000000000000000,0.000000000000000 
 0.000000000000000,0.000000000000000,0.000000000000000 
0.000000000000000,0.000000000000000,0.000000000000000 
 0.000000000000000,0.000000000000000,0.000000000000000 
 0.000000000000000,0.000000000000000,0.000000000000000 
