55.913549716877903,-3.313104074734467,147.479782104492188 
0.037365521320611,0.000000000000000,0.000000000000000 
 0.000000000000000,0.062033068319241,0.000000000000000 
 0.000000000000000,0.000000000000000,0.177144857748829 
-0.01918,0.01974,-0.80126,-0.59768 
-0.01074,-0.02430,-0.00970 
-0.12364,-0.01321,0.13757 
0.000000000000000,0.000000000000000,0.000000000000000 
 0.000000000000000,0.000000000000000,0.000000000000000 
 0.000000000000000,0.000000000000000,0.000000000000000 
0.000000000000000,0.000000000000000,0.000000000000000 
 0.000000000000000,0.000000000000000,0.000000000000000 
 0.000000000000000,0.000000000000000,0.000000000000000 
0.000000000000000,0.000000000000000,0.000000000000000 
 0.000000000000000,0.000000000000000,0.000000000000000 
 0.000000000000000,0.000000000000000,0.000000000000000 
16.20563,-7.30097,-1.24701 
-0.01074,-0.02430,-0.00970 
