55.913593703785487,-3.313133204966441,147.519073486328125 
0.038092015328678,0.000000000000000,0.000000000000000 
 0.000000000000000,0.062598401265817,0.000000000000000 
 0.000000000000000,0.000000000000000,0.177879857536837 
-0.01870,0.01979,-0.80204,-0.59666 
0.00271,0.00472,-0.00836 
-0.17756,0.00944,-0.34872 
0.000000000000000,0.000000000000000,0.000000000000000 
 0.000000000000000,0.000000000000000,0.000000000000000 
 0.000000000000000,0.000000000000000,0.000000000000000 
0.000000000000000,0.000000000000000,0.000000000000000 
 0.000000000000000,0.000000000000000,0.000000000000000 
 0.000000000000000,0.000000000000000,0.000000000000000 
0.000000000000000,0.000000000000000,0.000000000000000 
 0.000000000000000,0.000000000000000,0.000000000000000 
 0.000000000000000,0.000000000000000,0.000000000000000 
16.20714,-6.89253,-1.02164 
0.00271,0.00472,-0.00836 
