55.913492765190163,-3.313047891193557,145.811218261718750 
0.036683171685619,0.000000000000000,0.000000000000000 
 0.000000000000000,0.061483681875085,0.000000000000000 
 0.000000000000000,0.000000000000000,0.176647285852823 
-0.01822,0.01715,-0.80039,-0.59895 
0.00437,0.00051,-0.00835 
1.12092,-0.01667,-0.01865 
0.000000000000000,0.000000000000000,0.000000000000000 
 0.000000000000000,0.000000000000000,0.000000000000000 
 0.000000000000000,0.000000000000000,0.000000000000000 
0.000000000000000,0.000000000000000,0.000000000000000 
 0.000000000000000,0.000000000000000,0.000000000000000 
 0.000000000000000,0.000000000000000,0.000000000000000 
0.000000000000000,0.000000000000000,0.000000000000000 
 0.000000000000000,0.000000000000000,0.000000000000000 
 0.000000000000000,0.000000000000000,0.000000000000000 
16.24614,-6.03545,-0.00838 
0.00437,0.00051,-0.00835 
