55.939311724406501,-3.223176429810346,126.643196105957031 
0.038470954634954,0.000000000000000,0.000000000000000 
 0.000000000000000,0.085472265604388,0.000000000000000 
 0.000000000000000,0.000000000000000,0.184431633000770 
-0.01031,0.00716,0.36314,0.93165 
-0.01117,-0.00002,-0.05494 
-0.46951,-0.52427,-0.06927 
0.000000000000000,0.000000000000000,0.000000000000000 
 0.000000000000000,0.000000000000000,0.000000000000000 
 0.000000000000000,0.000000000000000,0.000000000000000 
0.000000000000000,0.000000000000000,0.000000000000000 
 0.000000000000000,0.000000000000000,0.000000000000000 
 0.000000000000000,0.000000000000000,0.000000000000000 
0.000000000000000,0.000000000000000,0.000000000000000 
 0.000000000000000,0.000000000000000,0.000000000000000 
 0.000000000000000,0.000000000000000,0.000000000000000 
