55.913571965037171,-3.313118434009920,147.452819824218750 
0.037728229727883,0.000000000000000,0.000000000000000 
 0.000000000000000,0.062279813547177,0.000000000000000 
 0.000000000000000,0.000000000000000,0.178007560104342 
-0.01938,0.02028,-0.80163,-0.59717 
0.00059,0.00529,-0.00865 
-0.22131,-0.07910,-0.00014 
0.000000000000000,0.000000000000000,0.000000000000000 
 0.000000000000000,0.000000000000000,0.000000000000000 
 0.000000000000000,0.000000000000000,0.000000000000000 
0.000000000000000,0.000000000000000,0.000000000000000 
 0.000000000000000,0.000000000000000,0.000000000000000 
 0.000000000000000,0.000000000000000,0.000000000000000 
0.000000000000000,0.000000000000000,0.000000000000000 
 0.000000000000000,0.000000000000000,0.000000000000000 
 0.000000000000000,0.000000000000000,0.000000000000000 
16.24283,-7.05096,-1.06307 
0.00059,0.00529,-0.00865 
