55.939450696438470,-3.222979315609394,127.671798706054688 
0.039400525550875,0.000000000000000,0.000000000000000 
 0.000000000000000,0.082528835650316,0.000000000000000 
 0.000000000000000,0.000000000000000,0.183949154224444 
-0.01213,0.00553,0.36021,0.93277 
-0.01984,-0.00296,0.03708 
0.23683,0.23040,-0.28891 
0.000000000000000,0.000000000000000,0.000000000000000 
 0.000000000000000,0.000000000000000,0.000000000000000 
 0.000000000000000,0.000000000000000,0.000000000000000 
0.000000000000000,0.000000000000000,0.000000000000000 
 0.000000000000000,0.000000000000000,0.000000000000000 
 0.000000000000000,0.000000000000000,0.000000000000000 
0.000000000000000,0.000000000000000,0.000000000000000 
 0.000000000000000,0.000000000000000,0.000000000000000 
 0.000000000000000,0.000000000000000,0.000000000000000 
