55.939325450790356,-3.223157442510449,126.716735839843750 
0.038378739821676,0.000000000000000,0.000000000000000 
 0.000000000000000,0.084941465975619,0.000000000000000 
 0.000000000000000,0.000000000000000,0.184106432062325 
-0.01032,0.00688,0.36751,0.92994 
0.00502,-0.00136,-0.04610 
-0.14876,-0.21591,-0.05356 
0.000000000000000,0.000000000000000,0.000000000000000 
 0.000000000000000,0.000000000000000,0.000000000000000 
 0.000000000000000,0.000000000000000,0.000000000000000 
0.000000000000000,0.000000000000000,0.000000000000000 
 0.000000000000000,0.000000000000000,0.000000000000000 
 0.000000000000000,0.000000000000000,0.000000000000000 
0.000000000000000,0.000000000000000,0.000000000000000 
 0.000000000000000,0.000000000000000,0.000000000000000 
 0.000000000000000,0.000000000000000,0.000000000000000 
