55.939592625577475,-3.222758546709364,128.651092529296875 
0.040079463807708,0.000000000000000,0.000000000000000 
 0.000000000000000,0.081808691043989,0.000000000000000 
 0.000000000000000,0.000000000000000,0.185545316433750 
-0.01398,0.00651,0.34916,0.93694 
-0.00722,0.00699,0.01253 
-0.00887,0.22960,-0.02443 
0.000000000000000,0.000000000000000,0.000000000000000 
 0.000000000000000,0.000000000000000,0.000000000000000 
 0.000000000000000,0.000000000000000,0.000000000000000 
0.000000000000000,0.000000000000000,0.000000000000000 
 0.000000000000000,0.000000000000000,0.000000000000000 
 0.000000000000000,0.000000000000000,0.000000000000000 
0.000000000000000,0.000000000000000,0.000000000000000 
 0.000000000000000,0.000000000000000,0.000000000000000 
 0.000000000000000,0.000000000000000,0.000000000000000 
