55.914101614914550,-3.313458805891267,144.409561157226562 
0.035786287892119,0.000000000000000,0.000000000000000 
 0.000000000000000,0.062670481072829,0.000000000000000 
 0.000000000000000,0.000000000000000,0.173098682883599 
-0.01653,0.02058,-0.81394,-0.58036 
-0.01247,0.01934,-0.00248 
-0.39895,-0.14651,-0.19943 
0.000000000000000,0.000000000000000,0.000000000000000 
 0.000000000000000,0.000000000000000,0.000000000000000 
 0.000000000000000,0.000000000000000,0.000000000000000 
0.000000000000000,0.000000000000000,0.000000000000000 
 0.000000000000000,0.000000000000000,0.000000000000000 
 0.000000000000000,0.000000000000000,0.000000000000000 
0.000000000000000,0.000000000000000,0.000000000000000 
 0.000000000000000,0.000000000000000,0.000000000000000 
 0.000000000000000,0.000000000000000,0.000000000000000 
16.01322,-6.17594,0.48473 
-0.01247,0.01934,-0.00248 
