55.939628349453564,-3.222703479309551,128.872100830078125 
0.040245393216765,0.000000000000000,0.000000000000000 
 0.000000000000000,0.082060243531089,0.000000000000000 
 0.000000000000000,0.000000000000000,0.186467590288260 
-0.01497,0.00720,0.34699,0.93772 
0.00833,0.01024,0.01798 
-0.34421,0.26526,-0.03836 
0.000000000000000,0.000000000000000,0.000000000000000 
 0.000000000000000,0.000000000000000,0.000000000000000 
 0.000000000000000,0.000000000000000,0.000000000000000 
0.000000000000000,0.000000000000000,0.000000000000000 
 0.000000000000000,0.000000000000000,0.000000000000000 
 0.000000000000000,0.000000000000000,0.000000000000000 
0.000000000000000,0.000000000000000,0.000000000000000 
 0.000000000000000,0.000000000000000,0.000000000000000 
 0.000000000000000,0.000000000000000,0.000000000000000 
