55.939691819245304,-3.222598102259172,129.401809692382812 
0.041599828082784,0.000000000000000,0.000000000000000 
 0.000000000000000,0.081981856424648,0.000000000000000 
 0.000000000000000,0.000000000000000,0.185996283517525 
-0.00630,0.00990,0.33301,0.94285 
0.02633,0.01149,0.05161 
-0.55516,0.66444,-0.35806 
0.000000000000000,0.000000000000000,0.000000000000000 
 0.000000000000000,0.000000000000000,0.000000000000000 
 0.000000000000000,0.000000000000000,0.000000000000000 
0.000000000000000,0.000000000000000,0.000000000000000 
 0.000000000000000,0.000000000000000,0.000000000000000 
 0.000000000000000,0.000000000000000,0.000000000000000 
0.000000000000000,0.000000000000000,0.000000000000000 
 0.000000000000000,0.000000000000000,0.000000000000000 
 0.000000000000000,0.000000000000000,0.000000000000000 
