55.914037906598509,-3.313414179202802,144.670303344726562 
0.034862521597605,0.000000000000000,0.000000000000000 
 0.000000000000000,0.061625247519631,0.000000000000000 
 0.000000000000000,0.000000000000000,0.171923149245999 
-0.01873,0.02126,-0.81323,-0.58125 
0.01322,0.00071,-0.01069 
-0.41551,-0.07586,-0.18289 
0.000000000000000,0.000000000000000,0.000000000000000 
 0.000000000000000,0.000000000000000,0.000000000000000 
 0.000000000000000,0.000000000000000,0.000000000000000 
0.000000000000000,0.000000000000000,0.000000000000000 
 0.000000000000000,0.000000000000000,0.000000000000000 
 0.000000000000000,0.000000000000000,0.000000000000000 
0.000000000000000,0.000000000000000,0.000000000000000 
 0.000000000000000,0.000000000000000,0.000000000000000 
 0.000000000000000,0.000000000000000,0.000000000000000 
16.40162,-6.02793,0.60489 
0.01322,0.00071,-0.01069 
