55.914383211643774,-3.313658040135197,143.842468261718750 
0.038282279719720,0.000000000000000,0.000000000000000 
 0.000000000000000,0.066035305698287,0.000000000000000 
 0.000000000000000,0.000000000000000,0.177716945548045 
-0.01236,0.02224,-0.81307,-0.58161 
-0.00392,0.00034,-0.00225 
-1.24981,-0.06357,0.25983 
0.000000000000000,0.000000000000000,0.000000000000000 
 0.000000000000000,0.000000000000000,0.000000000000000 
 0.000000000000000,0.000000000000000,0.000000000000000 
0.000000000000000,0.000000000000000,0.000000000000000 
 0.000000000000000,0.000000000000000,0.000000000000000 
 0.000000000000000,0.000000000000000,0.000000000000000 
0.000000000000000,0.000000000000000,0.000000000000000 
 0.000000000000000,0.000000000000000,0.000000000000000 
 0.000000000000000,0.000000000000000,0.000000000000000 
14.90656,-5.93231,0.03301 
-0.00392,0.00034,-0.00225 
