55.914295539996601,-3.313597455613093,144.153198242187500 
0.038671731757317,0.000000000000000,0.000000000000000 
 0.000000000000000,0.066749981203388,0.000000000000000 
 0.000000000000000,0.000000000000000,0.179003921621415 
-0.01210,0.02086,-0.81270,-0.58219 
0.00163,0.01474,-0.00240 
-0.55953,0.10285,-0.47263 
0.000000000000000,0.000000000000000,0.000000000000000 
 0.000000000000000,0.000000000000000,0.000000000000000 
 0.000000000000000,0.000000000000000,0.000000000000000 
0.000000000000000,0.000000000000000,0.000000000000000 
 0.000000000000000,0.000000000000000,0.000000000000000 
 0.000000000000000,0.000000000000000,0.000000000000000 
0.000000000000000,0.000000000000000,0.000000000000000 
 0.000000000000000,0.000000000000000,0.000000000000000 
 0.000000000000000,0.000000000000000,0.000000000000000 
15.35038,-6.08762,0.14762 
0.00163,0.01474,-0.00240 
