55.914517501739546,-3.313749263810848,143.672256469726562 
0.037500140628310,0.000000000000000,0.000000000000000 
 0.000000000000000,0.064385113204480,0.000000000000000 
 0.000000000000000,0.000000000000000,0.175522816101367 
-0.01389,0.01986,-0.81292,-0.58187 
-0.01189,0.01285,0.00738 
-1.20327,0.03738,-0.16698 
0.000000000000000,0.000000000000000,0.000000000000000 
 0.000000000000000,0.000000000000000,0.000000000000000 
 0.000000000000000,0.000000000000000,0.000000000000000 
0.000000000000000,0.000000000000000,0.000000000000000 
 0.000000000000000,0.000000000000000,0.000000000000000 
 0.000000000000000,0.000000000000000,0.000000000000000 
0.000000000000000,0.000000000000000,0.000000000000000 
 0.000000000000000,0.000000000000000,0.000000000000000 
 0.000000000000000,0.000000000000000,0.000000000000000 
13.66700,-5.38745,-0.16517 
-0.01189,0.01285,0.00738 
