55.939781146674136,-3.222412897135073,130.078292846679688 
0.042325994220164,0.000000000000000,0.000000000000000 
 0.000000000000000,0.082593436705282,0.000000000000000 
 0.000000000000000,0.000000000000000,0.186546409639555 
0.00162,0.01506,0.24504,0.96939 
0.02588,0.00292,0.15752 
0.08569,1.64277,-0.05592 
0.000000000000000,0.000000000000000,0.000000000000000 
 0.000000000000000,0.000000000000000,0.000000000000000 
 0.000000000000000,0.000000000000000,0.000000000000000 
0.000000000000000,0.000000000000000,0.000000000000000 
 0.000000000000000,0.000000000000000,0.000000000000000 
 0.000000000000000,0.000000000000000,0.000000000000000 
0.000000000000000,0.000000000000000,0.000000000000000 
 0.000000000000000,0.000000000000000,0.000000000000000 
 0.000000000000000,0.000000000000000,0.000000000000000 
