55.939852279015639,-3.222130338933995,130.794525146484375 
0.039928823214525,0.000000000000000,0.000000000000000 
 0.000000000000000,0.079101026059107,0.000000000000000 
 0.000000000000000,0.000000000000000,0.181156206304095 
0.00206,0.00283,0.07057,0.99750 
-0.03570,-0.01404,0.17140 
0.19526,1.77602,0.39614 
0.000000000000000,0.000000000000000,0.000000000000000 
 0.000000000000000,0.000000000000000,0.000000000000000 
 0.000000000000000,0.000000000000000,0.000000000000000 
0.000000000000000,0.000000000000000,0.000000000000000 
 0.000000000000000,0.000000000000000,0.000000000000000 
 0.000000000000000,0.000000000000000,0.000000000000000 
0.000000000000000,0.000000000000000,0.000000000000000 
 0.000000000000000,0.000000000000000,0.000000000000000 
 0.000000000000000,0.000000000000000,0.000000000000000 
