55.939858427976006,-3.222083252853940,130.838836669921875 
0.039684364078500,0.000000000000000,0.000000000000000 
 0.000000000000000,0.078728288370194,0.000000000000000 
 0.000000000000000,0.000000000000000,0.181388586510978 
-0.00339,-0.00340,0.04599,0.99893 
-0.01120,-0.04332,0.15392 
0.39887,1.55790,0.70583 
0.000000000000000,0.000000000000000,0.000000000000000 
 0.000000000000000,0.000000000000000,0.000000000000000 
 0.000000000000000,0.000000000000000,0.000000000000000 
0.000000000000000,0.000000000000000,0.000000000000000 
 0.000000000000000,0.000000000000000,0.000000000000000 
 0.000000000000000,0.000000000000000,0.000000000000000 
0.000000000000000,0.000000000000000,0.000000000000000 
 0.000000000000000,0.000000000000000,0.000000000000000 
 0.000000000000000,0.000000000000000,0.000000000000000 
