55.939874251028158,-3.221889961643785,131.000762939453125 
0.038791334777459,0.000000000000000,0.000000000000000 
 0.000000000000000,0.076774977627853,0.000000000000000 
 0.000000000000000,0.000000000000000,0.180433753714770 
0.01337,-0.01256,-0.00726,0.99981 
0.00531,0.01414,0.06296 
-0.48120,0.44526,0.04467 
0.000000000000000,0.000000000000000,0.000000000000000 
 0.000000000000000,0.000000000000000,0.000000000000000 
 0.000000000000000,0.000000000000000,0.000000000000000 
0.000000000000000,0.000000000000000,0.000000000000000 
 0.000000000000000,0.000000000000000,0.000000000000000 
 0.000000000000000,0.000000000000000,0.000000000000000 
0.000000000000000,0.000000000000000,0.000000000000000 
 0.000000000000000,0.000000000000000,0.000000000000000 
 0.000000000000000,0.000000000000000,0.000000000000000 
