55.914605948876904,-3.313809082867730,143.300720214843750 
0.036152639335658,0.000000000000000,0.000000000000000 
 0.000000000000000,0.062657723865019,0.000000000000000 
 0.000000000000000,0.000000000000000,0.172366016715238 
-0.00514,0.02176,-0.80554,-0.59211 
-0.00880,0.02199,0.04571 
-1.01344,0.59890,-0.19045 
0.000000000000000,0.000000000000000,0.000000000000000 
 0.000000000000000,0.000000000000000,0.000000000000000 
 0.000000000000000,0.000000000000000,0.000000000000000 
0.000000000000000,0.000000000000000,0.000000000000000 
 0.000000000000000,0.000000000000000,0.000000000000000 
 0.000000000000000,0.000000000000000,0.000000000000000 
0.000000000000000,0.000000000000000,0.000000000000000 
 0.000000000000000,0.000000000000000,0.000000000000000 
 0.000000000000000,0.000000000000000,0.000000000000000 
13.10576,-4.90807,-0.25102 
-0.00880,0.02199,0.04571 
