55.939879697075334,-3.221787245583136,131.109130859375000 
0.038497058914200,0.000000000000000,0.000000000000000 
 0.000000000000000,0.075440681071982,0.000000000000000 
 0.000000000000000,0.000000000000000,0.179762955448276 
0.00858,-0.00988,-0.02660,0.99956 
-0.00417,0.00279,0.05885 
0.08418,0.60372,-0.22904 
0.000000000000000,0.000000000000000,0.000000000000000 
 0.000000000000000,0.000000000000000,0.000000000000000 
 0.000000000000000,0.000000000000000,0.000000000000000 
0.000000000000000,0.000000000000000,0.000000000000000 
 0.000000000000000,0.000000000000000,0.000000000000000 
 0.000000000000000,0.000000000000000,0.000000000000000 
0.000000000000000,0.000000000000000,0.000000000000000 
 0.000000000000000,0.000000000000000,0.000000000000000 
 0.000000000000000,0.000000000000000,0.000000000000000 
