55.915081782106022,-3.313902357519744,142.833847045898438 
0.036171947910603,0.000000000000000,0.000000000000000 
 0.000000000000000,0.067572350850241,0.000000000000000 
 0.000000000000000,0.000000000000000,0.180133802907623 
0.00863,-0.00782,0.68032,0.73282 
0.08175,0.00439,-0.17256 
-0.51010,-1.60266,-0.74600 
0.000000000000000,0.000000000000000,0.000000000000000 
 0.000000000000000,0.000000000000000,0.000000000000000 
 0.000000000000000,0.000000000000000,0.000000000000000 
0.000000000000000,0.000000000000000,0.000000000000000 
 0.000000000000000,0.000000000000000,0.000000000000000 
 0.000000000000000,0.000000000000000,0.000000000000000 
0.000000000000000,0.000000000000000,0.000000000000000 
 0.000000000000000,0.000000000000000,0.000000000000000 
 0.000000000000000,0.000000000000000,0.000000000000000 
10.02551,0.29303,-0.03151 
0.08175,0.00439,-0.17256 
