55.939884156522432,-3.221585928268563,131.348327636718750 
0.037705396642205,0.000000000000000,0.000000000000000 
 0.000000000000000,0.073115299143311,0.000000000000000 
 0.000000000000000,0.000000000000000,0.179080138657927 
-0.00360,-0.00711,-0.06357,0.99795 
-0.04561,-0.05504,0.07230 
-0.42830,0.58338,-0.26082 
0.000000000000000,0.000000000000000,0.000000000000000 
 0.000000000000000,0.000000000000000,0.000000000000000 
 0.000000000000000,0.000000000000000,0.000000000000000 
0.000000000000000,0.000000000000000,0.000000000000000 
 0.000000000000000,0.000000000000000,0.000000000000000 
 0.000000000000000,0.000000000000000,0.000000000000000 
0.000000000000000,0.000000000000000,0.000000000000000 
 0.000000000000000,0.000000000000000,0.000000000000000 
 0.000000000000000,0.000000000000000,0.000000000000000 
