55.939883946076307,-3.221618483302946,131.284500122070312 
0.037864793458780,0.000000000000000,0.000000000000000 
 0.000000000000000,0.073437526013450,0.000000000000000 
 0.000000000000000,0.000000000000000,0.179424325980414 
0.00050,-0.00665,-0.05702,0.99835 
-0.03412,0.04265,0.05819 
0.17727,0.47185,-0.33698 
0.000000000000000,0.000000000000000,0.000000000000000 
 0.000000000000000,0.000000000000000,0.000000000000000 
 0.000000000000000,0.000000000000000,0.000000000000000 
0.000000000000000,0.000000000000000,0.000000000000000 
 0.000000000000000,0.000000000000000,0.000000000000000 
 0.000000000000000,0.000000000000000,0.000000000000000 
0.000000000000000,0.000000000000000,0.000000000000000 
 0.000000000000000,0.000000000000000,0.000000000000000 
 0.000000000000000,0.000000000000000,0.000000000000000 
