55.939882058734796,-3.221715759443573,131.199890136718750 
0.038292986331206,0.000000000000000,0.000000000000000 
 0.000000000000000,0.074534696374062,0.000000000000000 
 0.000000000000000,0.000000000000000,0.179421372018851 
0.00910,-0.01027,-0.03944,0.99913 
-0.00651,0.00936,0.05670 
0.24257,0.55781,-0.25957 
0.000000000000000,0.000000000000000,0.000000000000000 
 0.000000000000000,0.000000000000000,0.000000000000000 
 0.000000000000000,0.000000000000000,0.000000000000000 
0.000000000000000,0.000000000000000,0.000000000000000 
 0.000000000000000,0.000000000000000,0.000000000000000 
 0.000000000000000,0.000000000000000,0.000000000000000 
0.000000000000000,0.000000000000000,0.000000000000000 
 0.000000000000000,0.000000000000000,0.000000000000000 
 0.000000000000000,0.000000000000000,0.000000000000000 
