55.939882252703768,-3.221707695745368,131.202835083007812 
0.038269563190315,0.000000000000000,0.000000000000000 
 0.000000000000000,0.074440019403799,0.000000000000000 
 0.000000000000000,0.000000000000000,0.179886351848091 
0.00866,-0.01013,-0.04088,0.99908 
-0.01604,0.00635,0.05671 
0.24829,0.38600,-0.05677 
0.000000000000000,0.000000000000000,0.000000000000000 
 0.000000000000000,0.000000000000000,0.000000000000000 
 0.000000000000000,0.000000000000000,0.000000000000000 
0.000000000000000,0.000000000000000,0.000000000000000 
 0.000000000000000,0.000000000000000,0.000000000000000 
 0.000000000000000,0.000000000000000,0.000000000000000 
0.000000000000000,0.000000000000000,0.000000000000000 
 0.000000000000000,0.000000000000000,0.000000000000000 
 0.000000000000000,0.000000000000000,0.000000000000000 
