55.939871713751998,-3.221299931597451,131.440765380859375 
0.036356520096889,0.000000000000000,0.000000000000000 
 0.000000000000000,0.071585039268257,0.000000000000000 
 0.000000000000000,0.000000000000000,0.178027351942522 
-0.01745,-0.00502,-0.12358,0.99217 
-0.01504,-0.01572,0.03147 
-0.43632,0.09388,-0.39116 
0.000000000000000,0.000000000000000,0.000000000000000 
 0.000000000000000,0.000000000000000,0.000000000000000 
 0.000000000000000,0.000000000000000,0.000000000000000 
0.000000000000000,0.000000000000000,0.000000000000000 
 0.000000000000000,0.000000000000000,0.000000000000000 
 0.000000000000000,0.000000000000000,0.000000000000000 
0.000000000000000,0.000000000000000,0.000000000000000 
 0.000000000000000,0.000000000000000,0.000000000000000 
 0.000000000000000,0.000000000000000,0.000000000000000 
