55.915108977791782,-3.313903238885852,142.785354614257812 
0.035975091950577,0.000000000000000,0.000000000000000 
 0.000000000000000,0.067551311584513,0.000000000000000 
 0.000000000000000,0.000000000000000,0.179592843022736 
0.01619,-0.00771,0.70315,0.71081 
-0.00283,-0.02135,-0.22303 
-0.45287,-2.58144,0.24762 
0.000000000000000,0.000000000000000,0.000000000000000 
 0.000000000000000,0.000000000000000,0.000000000000000 
 0.000000000000000,0.000000000000000,0.000000000000000 
0.000000000000000,0.000000000000000,0.000000000000000 
 0.000000000000000,0.000000000000000,0.000000000000000 
 0.000000000000000,0.000000000000000,0.000000000000000 
0.000000000000000,0.000000000000000,0.000000000000000 
 0.000000000000000,0.000000000000000,0.000000000000000 
 0.000000000000000,0.000000000000000,0.000000000000000 
9.95058,-0.46155,0.00537 
-0.00283,-0.02135,-0.22303 
