55.915279336884353,-3.313993010018066,142.502105712890625 
0.034897219588235,0.000000000000000,0.000000000000000 
 0.000000000000000,0.065944492967503,0.000000000000000 
 0.000000000000000,0.000000000000000,0.177666569032930 
-0.01985,0.00152,-0.82933,-0.55841 
0.03795,-0.02519,-0.04955 
0.09901,-0.55416,1.13429 
0.000000000000000,0.000000000000000,0.000000000000000 
 0.000000000000000,0.000000000000000,0.000000000000000 
 0.000000000000000,0.000000000000000,0.000000000000000 
0.000000000000000,0.000000000000000,0.000000000000000 
 0.000000000000000,0.000000000000000,0.000000000000000 
 0.000000000000000,0.000000000000000,0.000000000000000 
0.000000000000000,0.000000000000000,0.000000000000000 
 0.000000000000000,0.000000000000000,0.000000000000000 
 0.000000000000000,0.000000000000000,0.000000000000000 
8.60085,-4.21771,0.01657 
0.03795,-0.02519,-0.04955 
