55.915490765749574,-3.314050334197036,142.374099731445312 
0.034167167403191,0.000000000000000,0.000000000000000 
 0.000000000000000,0.064091509572500,0.000000000000000 
 0.000000000000000,0.000000000000000,0.174622099218031 
-0.01406,-0.02263,0.60020,0.79941 
-0.04092,-0.03888,0.42694 
0.22473,3.65822,1.35171 
0.000000000000000,0.000000000000000,0.000000000000000 
 0.000000000000000,0.000000000000000,0.000000000000000 
 0.000000000000000,0.000000000000000,0.000000000000000 
0.000000000000000,0.000000000000000,0.000000000000000 
 0.000000000000000,0.000000000000000,0.000000000000000 
 0.000000000000000,0.000000000000000,0.000000000000000 
0.000000000000000,0.000000000000000,0.000000000000000 
 0.000000000000000,0.000000000000000,0.000000000000000 
 0.000000000000000,0.000000000000000,0.000000000000000 
9.13885,2.56215,-0.15434 
-0.04092,-0.03888,0.42694 
