55.915498954578219,-3.314045589245462,142.363388061523438 
0.034107951775756,0.000000000000000,0.000000000000000 
 0.000000000000000,0.063986136336092,0.000000000000000 
 0.000000000000000,0.000000000000000,0.174303055783839 
-0.01696,-0.02528,0.58298,0.81191 
-0.06539,-0.04964,0.42071 
0.04001,3.80567,-0.14254 
0.000000000000000,0.000000000000000,0.000000000000000 
 0.000000000000000,0.000000000000000,0.000000000000000 
 0.000000000000000,0.000000000000000,0.000000000000000 
0.000000000000000,0.000000000000000,0.000000000000000 
 0.000000000000000,0.000000000000000,0.000000000000000 
 0.000000000000000,0.000000000000000,0.000000000000000 
0.000000000000000,0.000000000000000,0.000000000000000 
 0.000000000000000,0.000000000000000,0.000000000000000 
 0.000000000000000,0.000000000000000,0.000000000000000 
9.05122,2.93861,-0.09322 
-0.06539,-0.04964,0.42071 
