55.939853803945567,-3.220839738035965,131.674804687500000 
0.035618479112891,0.000000000000000,0.000000000000000 
 0.000000000000000,0.071944898059869,0.000000000000000 
 0.000000000000000,0.000000000000000,0.176445678902045 
-0.01285,-0.01183,-0.07015,0.99738 
0.01893,0.02455,-0.03798 
-2.40760,-0.37869,-0.02478 
0.000000000000000,0.000000000000000,0.000000000000000 
 0.000000000000000,0.000000000000000,0.000000000000000 
 0.000000000000000,0.000000000000000,0.000000000000000 
0.000000000000000,0.000000000000000,0.000000000000000 
 0.000000000000000,0.000000000000000,0.000000000000000 
 0.000000000000000,0.000000000000000,0.000000000000000 
0.000000000000000,0.000000000000000,0.000000000000000 
 0.000000000000000,0.000000000000000,0.000000000000000 
 0.000000000000000,0.000000000000000,0.000000000000000 
