55.939853051108550,-3.220899039404375,131.460418701171875 
0.035450857084246,0.000000000000000,0.000000000000000 
 0.000000000000000,0.071908706950127,0.000000000000000 
 0.000000000000000,0.000000000000000,0.176535123083855 
-0.01168,-0.01333,-0.07871,0.99674 
0.00397,-0.00776,-0.04135 
-2.07838,-0.25219,0.20917 
0.000000000000000,0.000000000000000,0.000000000000000 
 0.000000000000000,0.000000000000000,0.000000000000000 
 0.000000000000000,0.000000000000000,0.000000000000000 
0.000000000000000,0.000000000000000,0.000000000000000 
 0.000000000000000,0.000000000000000,0.000000000000000 
 0.000000000000000,0.000000000000000,0.000000000000000 
0.000000000000000,0.000000000000000,0.000000000000000 
 0.000000000000000,0.000000000000000,0.000000000000000 
 0.000000000000000,0.000000000000000,0.000000000000000 
