55.915346653229150,-3.314042266697711,142.350234985351562 
0.034667191152687,0.000000000000000,0.000000000000000 
 0.000000000000000,0.065238706209706,0.000000000000000 
 0.000000000000000,0.000000000000000,0.176225045070880 
-0.01204,0.00680,-0.80529,-0.59272 
-0.00436,0.01991,0.19134 
0.15764,1.95214,0.40789 
0.000000000000000,0.000000000000000,0.000000000000000 
 0.000000000000000,0.000000000000000,0.000000000000000 
 0.000000000000000,0.000000000000000,0.000000000000000 
0.000000000000000,0.000000000000000,0.000000000000000 
 0.000000000000000,0.000000000000000,0.000000000000000 
 0.000000000000000,0.000000000000000,0.000000000000000 
0.000000000000000,0.000000000000000,0.000000000000000 
 0.000000000000000,0.000000000000000,0.000000000000000 
 0.000000000000000,0.000000000000000,0.000000000000000 
8.94485,-3.22299,0.01435 
-0.00436,0.01991,0.19134 
