55.939854650244726,-3.221023906508623,131.351028442382812 
0.035147851834623,0.000000000000000,0.000000000000000 
 0.000000000000000,0.071499586455502,0.000000000000000 
 0.000000000000000,0.000000000000000,0.176289806747826 
-0.00915,-0.00753,-0.09662,0.99525 
0.00620,0.00659,-0.04478 
-0.38863,-0.53493,0.22797 
0.000000000000000,0.000000000000000,0.000000000000000 
 0.000000000000000,0.000000000000000,0.000000000000000 
 0.000000000000000,0.000000000000000,0.000000000000000 
0.000000000000000,0.000000000000000,0.000000000000000 
 0.000000000000000,0.000000000000000,0.000000000000000 
 0.000000000000000,0.000000000000000,0.000000000000000 
0.000000000000000,0.000000000000000,0.000000000000000 
 0.000000000000000,0.000000000000000,0.000000000000000 
 0.000000000000000,0.000000000000000,0.000000000000000 
