55.939856015644310,-3.220566135436797,131.980651855468750 
0.034932012818558,0.000000000000000,0.000000000000000 
 0.000000000000000,0.070113711756804,0.000000000000000 
 0.000000000000000,0.000000000000000,0.178605018141874 
-0.02164,-0.00594,-0.06318,0.99775 
-0.05108,-0.01709,0.07728 
0.62816,0.38237,0.47016 
0.000000000000000,0.000000000000000,0.000000000000000 
 0.000000000000000,0.000000000000000,0.000000000000000 
 0.000000000000000,0.000000000000000,0.000000000000000 
0.000000000000000,0.000000000000000,0.000000000000000 
 0.000000000000000,0.000000000000000,0.000000000000000 
 0.000000000000000,0.000000000000000,0.000000000000000 
0.000000000000000,0.000000000000000,0.000000000000000 
 0.000000000000000,0.000000000000000,0.000000000000000 
 0.000000000000000,0.000000000000000,0.000000000000000 
