55.939854726475538,-3.220692978248251,131.814941406250000 
0.035205016048256,0.000000000000000,0.000000000000000 
 0.000000000000000,0.071038244697491,0.000000000000000 
 0.000000000000000,0.000000000000000,0.177726292998560 
-0.01410,-0.00791,-0.06241,0.99792 
0.00284,0.00214,-0.00582 
-0.32499,-0.34470,0.05785 
0.000000000000000,0.000000000000000,0.000000000000000 
 0.000000000000000,0.000000000000000,0.000000000000000 
 0.000000000000000,0.000000000000000,0.000000000000000 
0.000000000000000,0.000000000000000,0.000000000000000 
 0.000000000000000,0.000000000000000,0.000000000000000 
 0.000000000000000,0.000000000000000,0.000000000000000 
0.000000000000000,0.000000000000000,0.000000000000000 
 0.000000000000000,0.000000000000000,0.000000000000000 
 0.000000000000000,0.000000000000000,0.000000000000000 
