55.939856013304279,-3.220552213310624,131.978164672851562 
0.034911300739182,0.000000000000000,0.000000000000000 
 0.000000000000000,0.069997488734225,0.000000000000000 
 0.000000000000000,0.000000000000000,0.178968567671266 
-0.02455,-0.00506,-0.07160,0.99712 
-0.03328,0.00576,0.12916 
0.42878,1.12438,-0.23697 
0.000000000000000,0.000000000000000,0.000000000000000 
 0.000000000000000,0.000000000000000,0.000000000000000 
 0.000000000000000,0.000000000000000,0.000000000000000 
0.000000000000000,0.000000000000000,0.000000000000000 
 0.000000000000000,0.000000000000000,0.000000000000000 
 0.000000000000000,0.000000000000000,0.000000000000000 
0.000000000000000,0.000000000000000,0.000000000000000 
 0.000000000000000,0.000000000000000,0.000000000000000 
 0.000000000000000,0.000000000000000,0.000000000000000 
