55.915586366354773,-3.313968368281201,142.064147949218750 
0.033669944730758,0.000000000000000,0.000000000000000 
 0.000000000000000,0.063460375361174,0.000000000000000 
 0.000000000000000,0.000000000000000,0.174262023310238 
-0.00331,-0.01974,0.50381,0.86358 
0.03939,0.01473,0.01148 
0.79586,0.08326,0.22264 
0.000000000000000,0.000000000000000,0.000000000000000 
 0.000000000000000,0.000000000000000,0.000000000000000 
 0.000000000000000,0.000000000000000,0.000000000000000 
0.000000000000000,0.000000000000000,0.000000000000000 
 0.000000000000000,0.000000000000000,0.000000000000000 
 0.000000000000000,0.000000000000000,0.000000000000000 
0.000000000000000,0.000000000000000,0.000000000000000 
 0.000000000000000,0.000000000000000,0.000000000000000 
 0.000000000000000,0.000000000000000,0.000000000000000 
8.97302,4.83016,0.15369 
0.03939,0.01473,0.01148 
