55.915668900236057,-3.313897785816050,141.783096313476562 
0.033116210216317,0.000000000000000,0.000000000000000 
 0.000000000000000,0.063140624835345,0.000000000000000 
 0.000000000000000,0.000000000000000,0.172952426909095 
-0.00386,-0.02067,0.52469,0.85103 
-0.05043,0.02103,-0.06381 
0.96809,-1.13207,-0.32661 
0.000000000000000,0.000000000000000,0.000000000000000 
 0.000000000000000,0.000000000000000,0.000000000000000 
 0.000000000000000,0.000000000000000,0.000000000000000 
0.000000000000000,0.000000000000000,0.000000000000000 
 0.000000000000000,0.000000000000000,0.000000000000000 
 0.000000000000000,0.000000000000000,0.000000000000000 
0.000000000000000,0.000000000000000,0.000000000000000 
 0.000000000000000,0.000000000000000,0.000000000000000 
 0.000000000000000,0.000000000000000,0.000000000000000 
10.21672,4.49602,0.16171 
-0.05043,0.02103,-0.06381 
