55.939849239103083,-3.220462896923381,132.246780395507812 
0.034676125509453,0.000000000000000,0.000000000000000 
 0.000000000000000,0.069653834145900,0.000000000000000 
 0.000000000000000,0.000000000000000,0.178427825775430 
-0.02661,-0.00072,-0.14889,0.98850 
-0.02780,-0.01726,0.19996 
-0.84967,1.02766,-0.04617 
0.000000000000000,0.000000000000000,0.000000000000000 
 0.000000000000000,0.000000000000000,0.000000000000000 
 0.000000000000000,0.000000000000000,0.000000000000000 
0.000000000000000,0.000000000000000,0.000000000000000 
 0.000000000000000,0.000000000000000,0.000000000000000 
 0.000000000000000,0.000000000000000,0.000000000000000 
0.000000000000000,0.000000000000000,0.000000000000000 
 0.000000000000000,0.000000000000000,0.000000000000000 
 0.000000000000000,0.000000000000000,0.000000000000000 
