55.915931588248355,-3.313691190472014,141.157409667968750 
0.031968545414564,0.000000000000000,0.000000000000000 
 0.000000000000000,0.061619906093419,0.000000000000000 
 0.000000000000000,0.000000000000000,0.171334762588068 
-0.02908,-0.03718,0.49843,0.86564 
-0.02545,-0.02025,0.07720 
1.19050,0.91104,0.35436 
0.000000000000000,0.000000000000000,0.000000000000000 
 0.000000000000000,0.000000000000000,0.000000000000000 
 0.000000000000000,0.000000000000000,0.000000000000000 
0.000000000000000,0.000000000000000,0.000000000000000 
 0.000000000000000,0.000000000000000,0.000000000000000 
 0.000000000000000,0.000000000000000,0.000000000000000 
0.000000000000000,0.000000000000000,0.000000000000000 
 0.000000000000000,0.000000000000000,0.000000000000000 
 0.000000000000000,0.000000000000000,0.000000000000000 
12.70554,6.52944,0.20044 
-0.02545,-0.02025,0.07720 
