55.915886286803975,-3.313732042561409,141.281951904296875 
0.032164943230485,0.000000000000000,0.000000000000000 
 0.000000000000000,0.061824087863038,0.000000000000000 
 0.000000000000000,0.000000000000000,0.172268630013058 
-0.02454,-0.03422,0.51226,0.85780 
-0.03074,-0.02220,0.07908 
1.27430,1.08209,0.31243 
0.000000000000000,0.000000000000000,0.000000000000000 
 0.000000000000000,0.000000000000000,0.000000000000000 
 0.000000000000000,0.000000000000000,0.000000000000000 
0.000000000000000,0.000000000000000,0.000000000000000 
 0.000000000000000,0.000000000000000,0.000000000000000 
 0.000000000000000,0.000000000000000,0.000000000000000 
0.000000000000000,0.000000000000000,0.000000000000000 
 0.000000000000000,0.000000000000000,0.000000000000000 
 0.000000000000000,0.000000000000000,0.000000000000000 
12.47607,5.87182,0.15536 
-0.03074,-0.02220,0.07908 
