55.939780906335670,-3.220328856654976,133.332565307617188 
0.035855192197538,0.000000000000000,0.000000000000000 
 0.000000000000000,0.072582285643542,0.000000000000000 
 0.000000000000000,0.000000000000000,0.182414794219782 
-0.00494,0.02701,-0.59020,0.80679 
-0.02899,-0.00728,0.16190 
-1.86400,0.65518,-0.47886 
0.000000000000000,0.000000000000000,0.000000000000000 
 0.000000000000000,0.000000000000000,0.000000000000000 
 0.000000000000000,0.000000000000000,0.000000000000000 
0.000000000000000,0.000000000000000,0.000000000000000 
 0.000000000000000,0.000000000000000,0.000000000000000 
 0.000000000000000,0.000000000000000,0.000000000000000 
0.000000000000000,0.000000000000000,0.000000000000000 
 0.000000000000000,0.000000000000000,0.000000000000000 
 0.000000000000000,0.000000000000000,0.000000000000000 
