55.939780072886940,-3.220328476547427,133.363082885742188 
0.035931805782966,0.000000000000000,0.000000000000000 
 0.000000000000000,0.072711241615764,0.000000000000000 
 0.000000000000000,0.000000000000000,0.183053079179004 
-0.00502,0.02663,-0.59358,0.80432 
-0.00250,-0.02235,0.16434 
-1.39414,0.52319,-0.67733 
0.000000000000000,0.000000000000000,0.000000000000000 
 0.000000000000000,0.000000000000000,0.000000000000000 
 0.000000000000000,0.000000000000000,0.000000000000000 
0.000000000000000,0.000000000000000,0.000000000000000 
 0.000000000000000,0.000000000000000,0.000000000000000 
 0.000000000000000,0.000000000000000,0.000000000000000 
0.000000000000000,0.000000000000000,0.000000000000000 
 0.000000000000000,0.000000000000000,0.000000000000000 
 0.000000000000000,0.000000000000000,0.000000000000000 
