55.917033660918293,-3.313006397314524,140.635253906250000 
0.031652811175011,0.000000000000000,0.000000000000000 
 0.000000000000000,0.058391417055859,0.000000000000000 
 0.000000000000000,0.000000000000000,0.166483546579016 
-0.01223,-0.02631,0.62650,0.77888 
0.00579,-0.00477,0.00914 
-0.71990,0.09559,-0.03984 
0.000000000000000,0.000000000000000,0.000000000000000 
 0.000000000000000,0.000000000000000,0.000000000000000 
 0.000000000000000,0.000000000000000,0.000000000000000 
0.000000000000000,0.000000000000000,0.000000000000000 
 0.000000000000000,0.000000000000000,0.000000000000000 
 0.000000000000000,0.000000000000000,0.000000000000000 
0.000000000000000,0.000000000000000,0.000000000000000 
 0.000000000000000,0.000000000000000,0.000000000000000 
 0.000000000000000,0.000000000000000,0.000000000000000 
7.43170,1.21395,-0.11694 
0.00579,-0.00477,0.00914 
