55.916996060382203,-3.313017441623033,140.645385742187500 
0.031704332409199,0.000000000000000,0.000000000000000 
 0.000000000000000,0.058615916796293,0.000000000000000 
 0.000000000000000,0.000000000000000,0.166966529202072 
-0.01355,-0.02809,0.62811,0.77750 
0.00081,0.00285,0.00562 
-0.60246,0.09838,-0.13068 
0.000000000000000,0.000000000000000,0.000000000000000 
 0.000000000000000,0.000000000000000,0.000000000000000 
 0.000000000000000,0.000000000000000,0.000000000000000 
0.000000000000000,0.000000000000000,0.000000000000000 
 0.000000000000000,0.000000000000000,0.000000000000000 
 0.000000000000000,0.000000000000000,0.000000000000000 
0.000000000000000,0.000000000000000,0.000000000000000 
 0.000000000000000,0.000000000000000,0.000000000000000 
 0.000000000000000,0.000000000000000,0.000000000000000 
7.82023,1.21552,-0.09774 
0.00081,0.00285,0.00562 
