55.939755491059032,-3.220331015101539,133.676773071289062 
0.040117054858426,0.000000000000000,0.000000000000000 
 0.000000000000000,0.082501697732496,0.000000000000000 
 0.000000000000000,0.000000000000000,0.191931201094740 
0.00236,0.00624,-0.69772,0.71634 
-0.00070,-0.00195,-0.00680 
-0.41069,-0.08111,0.05344 
0.000000000000000,0.000000000000000,0.000000000000000 
 0.000000000000000,0.000000000000000,0.000000000000000 
 0.000000000000000,0.000000000000000,0.000000000000000 
0.000000000000000,0.000000000000000,0.000000000000000 
 0.000000000000000,0.000000000000000,0.000000000000000 
 0.000000000000000,0.000000000000000,0.000000000000000 
0.000000000000000,0.000000000000000,0.000000000000000 
 0.000000000000000,0.000000000000000,0.000000000000000 
 0.000000000000000,0.000000000000000,0.000000000000000 
