55.939760896483456,-3.220325693051394,133.497726440429688 
0.038455629439582,0.000000000000000,0.000000000000000 
 0.000000000000000,0.076345056884751,0.000000000000000 
 0.000000000000000,0.000000000000000,0.187257590775758 
0.00045,0.01139,-0.66923,0.74297 
-0.00339,-0.00970,0.15401 
-0.74879,-0.08083,-0.03587 
0.000000000000000,0.000000000000000,0.000000000000000 
 0.000000000000000,0.000000000000000,0.000000000000000 
 0.000000000000000,0.000000000000000,0.000000000000000 
0.000000000000000,0.000000000000000,0.000000000000000 
 0.000000000000000,0.000000000000000,0.000000000000000 
 0.000000000000000,0.000000000000000,0.000000000000000 
0.000000000000000,0.000000000000000,0.000000000000000 
 0.000000000000000,0.000000000000000,0.000000000000000 
 0.000000000000000,0.000000000000000,0.000000000000000 
