55.917128016101074,-3.312978770389149,140.566177368164062 
0.031441670234696,0.000000000000000,0.000000000000000 
 0.000000000000000,0.057898594974493,0.000000000000000 
 0.000000000000000,0.000000000000000,0.165391788021737 
-0.01045,-0.02506,0.62903,0.77691 
-0.00418,0.00302,-0.00447 
-1.52410,-0.11704,-0.09152 
0.000000000000000,0.000000000000000,0.000000000000000 
 0.000000000000000,0.000000000000000,0.000000000000000 
 0.000000000000000,0.000000000000000,0.000000000000000 
0.000000000000000,0.000000000000000,0.000000000000000 
 0.000000000000000,0.000000000000000,0.000000000000000 
 0.000000000000000,0.000000000000000,0.000000000000000 
0.000000000000000,0.000000000000000,0.000000000000000 
 0.000000000000000,0.000000000000000,0.000000000000000 
 0.000000000000000,0.000000000000000,0.000000000000000 
5.20706,0.76995,-0.08397 
-0.00418,0.00302,-0.00447 
