55.917211265059208,-3.312957197043386,140.444869995117188 
0.031101297777298,0.000000000000000,0.000000000000000 
 0.000000000000000,0.057279815932620,0.000000000000000 
 0.000000000000000,0.000000000000000,0.165200030545837 
-0.00856,-0.02435,0.63676,0.77063 
-0.02555,-0.00534,-0.00705 
-1.31508,-0.18165,0.04768 
0.000000000000000,0.000000000000000,0.000000000000000 
 0.000000000000000,0.000000000000000,0.000000000000000 
 0.000000000000000,0.000000000000000,0.000000000000000 
0.000000000000000,0.000000000000000,0.000000000000000 
 0.000000000000000,0.000000000000000,0.000000000000000 
 0.000000000000000,0.000000000000000,0.000000000000000 
0.000000000000000,0.000000000000000,0.000000000000000 
 0.000000000000000,0.000000000000000,0.000000000000000 
 0.000000000000000,0.000000000000000,0.000000000000000 
2.57753,0.28312,-0.07588 
-0.02555,-0.00534,-0.00705 
