55.917137019603345,-3.312976383344854,140.568618774414062 
0.031420519987443,0.000000000000000,0.000000000000000 
 0.000000000000000,0.057838653158600,0.000000000000000 
 0.000000000000000,0.000000000000000,0.166023436355545 
-0.00942,-0.02503,0.62954,0.77651 
0.01091,-0.00503,-0.00743 
-1.22187,0.07723,0.40242 
0.000000000000000,0.000000000000000,0.000000000000000 
 0.000000000000000,0.000000000000000,0.000000000000000 
 0.000000000000000,0.000000000000000,0.000000000000000 
0.000000000000000,0.000000000000000,0.000000000000000 
 0.000000000000000,0.000000000000000,0.000000000000000 
 0.000000000000000,0.000000000000000,0.000000000000000 
0.000000000000000,0.000000000000000,0.000000000000000 
 0.000000000000000,0.000000000000000,0.000000000000000 
 0.000000000000000,0.000000000000000,0.000000000000000 
4.92495,0.71782,-0.07687 
0.01091,-0.00503,-0.00743 
