55.917143407564566,-3.312974612842280,140.552917480468750 
0.031403210930368,0.000000000000000,0.000000000000000 
 0.000000000000000,0.057789087155983,0.000000000000000 
 0.000000000000000,0.000000000000000,0.165293387251503 
-0.00932,-0.02379,0.63005,0.77613 
0.02078,0.01383,-0.00802 
-1.11330,-0.04116,-0.45831 
0.000000000000000,0.000000000000000,0.000000000000000 
 0.000000000000000,0.000000000000000,0.000000000000000 
 0.000000000000000,0.000000000000000,0.000000000000000 
0.000000000000000,0.000000000000000,0.000000000000000 
 0.000000000000000,0.000000000000000,0.000000000000000 
 0.000000000000000,0.000000000000000,0.000000000000000 
0.000000000000000,0.000000000000000,0.000000000000000 
 0.000000000000000,0.000000000000000,0.000000000000000 
 0.000000000000000,0.000000000000000,0.000000000000000 
4.75435,0.67871,-0.03722 
0.02078,0.01383,-0.00802 
