55.939763482115872,-3.220335916306619,133.525970458984375 
0.040783549209700,0.000000000000000,0.000000000000000 
 0.000000000000000,0.085374987634489,0.000000000000000 
 0.000000000000000,0.000000000000000,0.193359946705161 
0.00180,0.00590,-0.70906,0.70512 
0.00200,0.00416,0.06591 
-0.18675,-0.15567,-0.18014 
0.000000000000000,0.000000000000000,0.000000000000000 
 0.000000000000000,0.000000000000000,0.000000000000000 
 0.000000000000000,0.000000000000000,0.000000000000000 
0.000000000000000,0.000000000000000,0.000000000000000 
 0.000000000000000,0.000000000000000,0.000000000000000 
 0.000000000000000,0.000000000000000,0.000000000000000 
0.000000000000000,0.000000000000000,0.000000000000000 
 0.000000000000000,0.000000000000000,0.000000000000000 
 0.000000000000000,0.000000000000000,0.000000000000000 
