55.939770005980584,-3.220339018460794,133.360717773437500 
0.040465980583188,0.000000000000000,0.000000000000000 
 0.000000000000000,0.085064101634206,0.000000000000000 
 0.000000000000000,0.000000000000000,0.191997742191533 
0.00558,0.00389,-0.72943,0.68402 
0.02316,0.00918,0.06965 
-0.04210,-0.07935,0.95200 
0.000000000000000,0.000000000000000,0.000000000000000 
 0.000000000000000,0.000000000000000,0.000000000000000 
 0.000000000000000,0.000000000000000,0.000000000000000 
0.000000000000000,0.000000000000000,0.000000000000000 
 0.000000000000000,0.000000000000000,0.000000000000000 
 0.000000000000000,0.000000000000000,0.000000000000000 
0.000000000000000,0.000000000000000,0.000000000000000 
 0.000000000000000,0.000000000000000,0.000000000000000 
 0.000000000000000,0.000000000000000,0.000000000000000 
