55.939790414517866,-3.220346549269138,133.242797851562500 
0.043127999957086,0.000000000000000,0.000000000000000 
 0.000000000000000,0.089639718614905,0.000000000000000 
 0.000000000000000,0.000000000000000,0.195479806018742 
0.01874,0.00691,-0.81124,0.58437 
0.00208,-0.01465,0.13788 
0.12885,0.01237,-0.30320 
0.000000000000000,0.000000000000000,0.000000000000000 
 0.000000000000000,0.000000000000000,0.000000000000000 
 0.000000000000000,0.000000000000000,0.000000000000000 
0.000000000000000,0.000000000000000,0.000000000000000 
 0.000000000000000,0.000000000000000,0.000000000000000 
 0.000000000000000,0.000000000000000,0.000000000000000 
0.000000000000000,0.000000000000000,0.000000000000000 
 0.000000000000000,0.000000000000000,0.000000000000000 
 0.000000000000000,0.000000000000000,0.000000000000000 
