55.939778017369314,-3.220342981692953,133.329315185546875 
0.041159240366270,0.000000000000000,0.000000000000000 
 0.000000000000000,0.086383471593643,0.000000000000000 
 0.000000000000000,0.000000000000000,0.192709496149078 
0.01420,0.00558,-0.75962,0.65019 
-0.00996,0.00709,0.09116 
-0.36501,-0.20591,0.06313 
0.000000000000000,0.000000000000000,0.000000000000000 
 0.000000000000000,0.000000000000000,0.000000000000000 
 0.000000000000000,0.000000000000000,0.000000000000000 
0.000000000000000,0.000000000000000,0.000000000000000 
 0.000000000000000,0.000000000000000,0.000000000000000 
 0.000000000000000,0.000000000000000,0.000000000000000 
0.000000000000000,0.000000000000000,0.000000000000000 
 0.000000000000000,0.000000000000000,0.000000000000000 
 0.000000000000000,0.000000000000000,0.000000000000000 
