55.939792351301435,-3.220347242590773,133.233749389648438 
0.043283660676569,0.000000000000000,0.000000000000000 
 0.000000000000000,0.090030533280378,0.000000000000000 
 0.000000000000000,0.000000000000000,0.195411794687076 
0.01972,0.00451,-0.81901,0.57343 
0.01641,0.00436,0.13819 
0.15911,-0.27012,0.13199 
0.000000000000000,0.000000000000000,0.000000000000000 
 0.000000000000000,0.000000000000000,0.000000000000000 
 0.000000000000000,0.000000000000000,0.000000000000000 
0.000000000000000,0.000000000000000,0.000000000000000 
 0.000000000000000,0.000000000000000,0.000000000000000 
 0.000000000000000,0.000000000000000,0.000000000000000 
0.000000000000000,0.000000000000000,0.000000000000000 
 0.000000000000000,0.000000000000000,0.000000000000000 
 0.000000000000000,0.000000000000000,0.000000000000000 
