55.939781444246925,-3.220344017184663,133.328170776367188 
0.041815016825367,0.000000000000000,0.000000000000000 
 0.000000000000000,0.087388379481016,0.000000000000000 
 0.000000000000000,0.000000000000000,0.194335181108173 
0.01461,0.00705,-0.77247,0.63484 
-0.00030,0.01052,0.10704 
-0.23236,-0.06661,-0.10732 
0.000000000000000,0.000000000000000,0.000000000000000 
 0.000000000000000,0.000000000000000,0.000000000000000 
 0.000000000000000,0.000000000000000,0.000000000000000 
0.000000000000000,0.000000000000000,0.000000000000000 
 0.000000000000000,0.000000000000000,0.000000000000000 
 0.000000000000000,0.000000000000000,0.000000000000000 
0.000000000000000,0.000000000000000,0.000000000000000 
 0.000000000000000,0.000000000000000,0.000000000000000 
 0.000000000000000,0.000000000000000,0.000000000000000 
