55.939794229635112,-3.220347748173889,133.261932373046875 
0.043433452682919,0.000000000000000,0.000000000000000 
 0.000000000000000,0.090415494853354,0.000000000000000 
 0.000000000000000,0.000000000000000,0.196654249579894 
0.01965,0.00276,-0.82647,0.56262 
-0.00210,-0.01226,0.13241 
-0.26611,-0.27888,0.03441 
0.000000000000000,0.000000000000000,0.000000000000000 
 0.000000000000000,0.000000000000000,0.000000000000000 
 0.000000000000000,0.000000000000000,0.000000000000000 
0.000000000000000,0.000000000000000,0.000000000000000 
 0.000000000000000,0.000000000000000,0.000000000000000 
 0.000000000000000,0.000000000000000,0.000000000000000 
0.000000000000000,0.000000000000000,0.000000000000000 
 0.000000000000000,0.000000000000000,0.000000000000000 
 0.000000000000000,0.000000000000000,0.000000000000000 
