55.939798301446011,-3.220348828057901,133.345809936523438 
0.043732329621644,0.000000000000000,0.000000000000000 
 0.000000000000000,0.091172421324487,0.000000000000000 
 0.000000000000000,0.000000000000000,0.196558841251048 
0.01854,0.00007,-0.84219,0.53887 
0.00062,-0.00269,0.15733 
-0.24501,-0.20006,-0.04149 
0.000000000000000,0.000000000000000,0.000000000000000 
 0.000000000000000,0.000000000000000,0.000000000000000 
 0.000000000000000,0.000000000000000,0.000000000000000 
0.000000000000000,0.000000000000000,0.000000000000000 
 0.000000000000000,0.000000000000000,0.000000000000000 
 0.000000000000000,0.000000000000000,0.000000000000000 
0.000000000000000,0.000000000000000,0.000000000000000 
 0.000000000000000,0.000000000000000,0.000000000000000 
 0.000000000000000,0.000000000000000,0.000000000000000 
