55.939796556837805,-3.220348124624170,133.291137695312500 
0.043629375872421,0.000000000000000,0.000000000000000 
 0.000000000000000,0.090897860720930,0.000000000000000 
 0.000000000000000,0.000000000000000,0.197283148475806 
0.01835,0.00099,-0.83623,0.54806 
0.00680,-0.00267,0.13776 
-0.05282,-0.20863,-0.03940 
0.000000000000000,0.000000000000000,0.000000000000000 
 0.000000000000000,0.000000000000000,0.000000000000000 
 0.000000000000000,0.000000000000000,0.000000000000000 
0.000000000000000,0.000000000000000,0.000000000000000 
 0.000000000000000,0.000000000000000,0.000000000000000 
 0.000000000000000,0.000000000000000,0.000000000000000 
0.000000000000000,0.000000000000000,0.000000000000000 
 0.000000000000000,0.000000000000000,0.000000000000000 
 0.000000000000000,0.000000000000000,0.000000000000000 
