55.939798829153759,-3.220348955573136,133.372421264648438 
0.043767449695725,0.000000000000000,0.000000000000000 
 0.000000000000000,0.091265600108059,0.000000000000000 
 0.000000000000000,0.000000000000000,0.197206221551874 
0.01840,-0.00051,-0.84437,0.53544 
0.00799,-0.01096,0.16457 
-0.25875,-0.15451,-0.00411 
0.000000000000000,0.000000000000000,0.000000000000000 
 0.000000000000000,0.000000000000000,0.000000000000000 
 0.000000000000000,0.000000000000000,0.000000000000000 
0.000000000000000,0.000000000000000,0.000000000000000 
 0.000000000000000,0.000000000000000,0.000000000000000 
 0.000000000000000,0.000000000000000,0.000000000000000 
0.000000000000000,0.000000000000000,0.000000000000000 
 0.000000000000000,0.000000000000000,0.000000000000000 
 0.000000000000000,0.000000000000000,0.000000000000000 
