55.917229505489722,-3.312953518042332,139.843978881835938 
0.029485347388640,0.000000000000000,0.000000000000000 
 0.000000000000000,0.056104512406169,0.000000000000000 
 0.000000000000000,0.000000000000000,0.161763867887203 
-0.00597,-0.02030,0.63983,0.76822 
0.00041,0.00039,0.00021 
0.01030,-0.00913,-0.04398 
0.000000000000000,0.000000000000000,0.000000000000000 
 0.000000000000000,0.000000000000000,0.000000000000000 
 0.000000000000000,0.000000000000000,0.000000000000000 
0.000000000000000,0.000000000000000,0.000000000000000 
 0.000000000000000,0.000000000000000,0.000000000000000 
 0.000000000000000,0.000000000000000,0.000000000000000 
0.000000000000000,0.000000000000000,0.000000000000000 
 0.000000000000000,0.000000000000000,0.000000000000000 
 0.000000000000000,0.000000000000000,0.000000000000000 
-0.01011,-0.00597,0.01879 
0.00041,0.00039,0.00021 
