55.917229207572966,-3.312953539901397,139.795791625976562 
0.029436818167156,0.000000000000000,0.000000000000000 
 0.000000000000000,0.056071367794349,0.000000000000000 
 0.000000000000000,0.000000000000000,0.161766600811180 
-0.00589,-0.02040,0.63980,0.76825 
0.00040,-0.00106,0.00006 
0.00612,0.00520,-0.02071 
0.000000000000000,0.000000000000000,0.000000000000000 
 0.000000000000000,0.000000000000000,0.000000000000000 
 0.000000000000000,0.000000000000000,0.000000000000000 
0.000000000000000,0.000000000000000,0.000000000000000 
 0.000000000000000,0.000000000000000,0.000000000000000 
 0.000000000000000,0.000000000000000,0.000000000000000 
0.000000000000000,0.000000000000000,0.000000000000000 
 0.000000000000000,0.000000000000000,0.000000000000000 
 0.000000000000000,0.000000000000000,0.000000000000000 
-0.00322,-0.00626,0.01406 
0.00040,-0.00106,0.00006 
