55.917229300845541,-3.312953506188945,139.807708740234375 
0.029451868333599,0.000000000000000,0.000000000000000 
 0.000000000000000,0.056081240984805,0.000000000000000 
 0.000000000000000,0.000000000000000,0.161704899888505 
-0.00590,-0.02039,0.63980,0.76825 
-0.00027,-0.00098,-0.00037 
0.00758,-0.00339,-0.01995 
0.000000000000000,0.000000000000000,0.000000000000000 
 0.000000000000000,0.000000000000000,0.000000000000000 
 0.000000000000000,0.000000000000000,0.000000000000000 
0.000000000000000,0.000000000000000,0.000000000000000 
 0.000000000000000,0.000000000000000,0.000000000000000 
 0.000000000000000,0.000000000000000,0.000000000000000 
0.000000000000000,0.000000000000000,0.000000000000000 
 0.000000000000000,0.000000000000000,0.000000000000000 
 0.000000000000000,0.000000000000000,0.000000000000000 
-0.01166,-0.00185,0.02194 
-0.00027,-0.00098,-0.00037 
