55.917229798433212,-3.312953480976569,139.889373779296875 
0.029523331059808,0.000000000000000,0.000000000000000 
 0.000000000000000,0.056129673839905,0.000000000000000 
 0.000000000000000,0.000000000000000,0.161920352963993 
-0.00599,-0.02033,0.63985,0.76821 
0.00071,-0.00042,-0.00011 
-0.00748,-0.00634,0.02216 
0.000000000000000,0.000000000000000,0.000000000000000 
 0.000000000000000,0.000000000000000,0.000000000000000 
 0.000000000000000,0.000000000000000,0.000000000000000 
0.000000000000000,0.000000000000000,0.000000000000000 
 0.000000000000000,0.000000000000000,0.000000000000000 
 0.000000000000000,0.000000000000000,0.000000000000000 
0.000000000000000,0.000000000000000,0.000000000000000 
 0.000000000000000,0.000000000000000,0.000000000000000 
 0.000000000000000,0.000000000000000,0.000000000000000 
-0.00857,-0.00211,0.01595 
0.00071,-0.00042,-0.00011 
