55.917229123001320,-3.312953501591271,139.780166625976562 
0.029436767034853,0.000000000000000,0.000000000000000 
 0.000000000000000,0.056071847672001,0.000000000000000 
 0.000000000000000,0.000000000000000,0.162177640974904 
-0.00587,-0.02037,0.63980,0.76825 
0.00140,0.00041,-0.00008 
-0.00506,-0.01024,0.02781 
0.000000000000000,0.000000000000000,0.000000000000000 
 0.000000000000000,0.000000000000000,0.000000000000000 
 0.000000000000000,0.000000000000000,0.000000000000000 
0.000000000000000,0.000000000000000,0.000000000000000 
 0.000000000000000,0.000000000000000,0.000000000000000 
 0.000000000000000,0.000000000000000,0.000000000000000 
0.000000000000000,0.000000000000000,0.000000000000000 
 0.000000000000000,0.000000000000000,0.000000000000000 
 0.000000000000000,0.000000000000000,0.000000000000000 
-0.00496,-0.00397,0.01465 
0.00140,0.00041,-0.00008 
