55.917228583573852,-3.312953490556078,139.681182861328125 
0.029381427035134,0.000000000000000,0.000000000000000 
 0.000000000000000,0.056031347581698,0.000000000000000 
 0.000000000000000,0.000000000000000,0.162343812133233 
-0.00589,-0.02054,0.63964,0.76838 
-0.00091,0.00040,0.00051 
0.00320,-0.01255,0.03527 
0.000000000000000,0.000000000000000,0.000000000000000 
 0.000000000000000,0.000000000000000,0.000000000000000 
 0.000000000000000,0.000000000000000,0.000000000000000 
0.000000000000000,0.000000000000000,0.000000000000000 
 0.000000000000000,0.000000000000000,0.000000000000000 
 0.000000000000000,0.000000000000000,0.000000000000000 
0.000000000000000,0.000000000000000,0.000000000000000 
 0.000000000000000,0.000000000000000,0.000000000000000 
 0.000000000000000,0.000000000000000,0.000000000000000 
-0.00270,-0.00171,0.01616 
-0.00091,0.00040,0.00051 
