55.917228247688797,-3.312953751631587,139.610229492187500 
0.029385554783027,0.000000000000000,0.000000000000000 
 0.000000000000000,0.055951631996013,0.000000000000000 
 0.000000000000000,0.000000000000000,0.161824908688860 
-0.00585,-0.02056,0.63957,0.76843 
0.00071,0.00026,-0.00075 
0.03044,0.00308,0.05357 
0.000000000000000,0.000000000000000,0.000000000000000 
 0.000000000000000,0.000000000000000,0.000000000000000 
 0.000000000000000,0.000000000000000,0.000000000000000 
0.000000000000000,0.000000000000000,0.000000000000000 
 0.000000000000000,0.000000000000000,0.000000000000000 
 0.000000000000000,0.000000000000000,0.000000000000000 
0.000000000000000,0.000000000000000,0.000000000000000 
 0.000000000000000,0.000000000000000,0.000000000000000 
 0.000000000000000,0.000000000000000,0.000000000000000 
0.00089,-0.00585,0.01416 
0.00071,0.00026,-0.00075 
