55.917228363684345,-3.312953716652295,139.633163452148438 
0.029388155208704,0.000000000000000,0.000000000000000 
 0.000000000000000,0.055948036823893,0.000000000000000 
 0.000000000000000,0.000000000000000,0.162251556345439 
-0.00586,-0.02051,0.63959,0.76842 
0.00013,0.00072,0.00036 
-0.00616,-0.01112,-0.01369 
0.000000000000000,0.000000000000000,0.000000000000000 
 0.000000000000000,0.000000000000000,0.000000000000000 
 0.000000000000000,0.000000000000000,0.000000000000000 
0.000000000000000,0.000000000000000,0.000000000000000 
 0.000000000000000,0.000000000000000,0.000000000000000 
 0.000000000000000,0.000000000000000,0.000000000000000 
0.000000000000000,0.000000000000000,0.000000000000000 
 0.000000000000000,0.000000000000000,0.000000000000000 
 0.000000000000000,0.000000000000000,0.000000000000000 
-0.00363,-0.00393,0.01526 
0.00013,0.00072,0.00036 
