55.917228409761279,-3.312953763004325,139.635482788085938 
0.029384640318828,0.000000000000000,0.000000000000000 
 0.000000000000000,0.055942186104460,0.000000000000000 
 0.000000000000000,0.000000000000000,0.161421524180923 
-0.00587,-0.02051,0.63960,0.76841 
-0.00070,-0.00024,0.00008 
0.01161,-0.00549,0.02324 
0.000000000000000,0.000000000000000,0.000000000000000 
 0.000000000000000,0.000000000000000,0.000000000000000 
 0.000000000000000,0.000000000000000,0.000000000000000 
0.000000000000000,0.000000000000000,0.000000000000000 
 0.000000000000000,0.000000000000000,0.000000000000000 
 0.000000000000000,0.000000000000000,0.000000000000000 
0.000000000000000,0.000000000000000,0.000000000000000 
 0.000000000000000,0.000000000000000,0.000000000000000 
 0.000000000000000,0.000000000000000,0.000000000000000 
0.00148,-0.00740,0.01674 
-0.00070,-0.00024,0.00008 
