55.917227630565378,-3.312953838149545,139.470230102539062 
0.029418863233332,0.000000000000000,0.000000000000000 
 0.000000000000000,0.055942002833853,0.000000000000000 
 0.000000000000000,0.000000000000000,0.161987996341399 
-0.00596,-0.02052,0.63947,0.76852 
-0.00089,0.00047,0.00012 
0.00811,-0.01437,0.03582 
0.000000000000000,0.000000000000000,0.000000000000000 
 0.000000000000000,0.000000000000000,0.000000000000000 
 0.000000000000000,0.000000000000000,0.000000000000000 
0.000000000000000,0.000000000000000,0.000000000000000 
 0.000000000000000,0.000000000000000,0.000000000000000 
 0.000000000000000,0.000000000000000,0.000000000000000 
0.000000000000000,0.000000000000000,0.000000000000000 
 0.000000000000000,0.000000000000000,0.000000000000000 
 0.000000000000000,0.000000000000000,0.000000000000000 
-0.00285,-0.00561,0.01907 
-0.00089,0.00047,0.00012 
