55.939828710570346,-3.220531871799691,133.629516601562500 
0.040598706451726,0.000000000000000,0.000000000000000 
 0.000000000000000,0.098147729698867,0.000000000000000 
 0.000000000000000,0.000000000000000,0.197160247274169 
-0.01776,-0.01037,-0.99496,-0.09813 
0.01405,-0.00189,-0.00548 
1.25026,-0.01232,-0.11461 
0.000000000000000,0.000000000000000,0.000000000000000 
 0.000000000000000,0.000000000000000,0.000000000000000 
 0.000000000000000,0.000000000000000,0.000000000000000 
0.000000000000000,0.000000000000000,0.000000000000000 
 0.000000000000000,0.000000000000000,0.000000000000000 
 0.000000000000000,0.000000000000000,0.000000000000000 
0.000000000000000,0.000000000000000,0.000000000000000 
 0.000000000000000,0.000000000000000,0.000000000000000 
 0.000000000000000,0.000000000000000,0.000000000000000 
