55.917227884155970,-3.312953720012010,139.539291381835938 
0.029396672535960,0.000000000000000,0.000000000000000 
 0.000000000000000,0.055933607952135,0.000000000000000 
 0.000000000000000,0.000000000000000,0.162090207806077 
-0.00585,-0.02055,0.63957,0.76844 
-0.00013,0.00049,0.00026 
0.03145,-0.01632,-0.00396 
0.000000000000000,0.000000000000000,0.000000000000000 
 0.000000000000000,0.000000000000000,0.000000000000000 
 0.000000000000000,0.000000000000000,0.000000000000000 
0.000000000000000,0.000000000000000,0.000000000000000 
 0.000000000000000,0.000000000000000,0.000000000000000 
 0.000000000000000,0.000000000000000,0.000000000000000 
0.000000000000000,0.000000000000000,0.000000000000000 
 0.000000000000000,0.000000000000000,0.000000000000000 
 0.000000000000000,0.000000000000000,0.000000000000000 
-0.00161,-0.00153,0.01494 
-0.00013,0.00049,0.00026 
