55.939837288269679,-3.220613409355156,133.827911376953125 
0.040578490450791,0.000000000000000,0.000000000000000 
 0.000000000000000,0.096678603901062,0.000000000000000 
 0.000000000000000,0.000000000000000,0.195506687064185 
-0.01785,-0.00658,-0.99534,-0.09451 
-0.01919,0.00668,0.00484 
-0.18546,-0.17141,-0.22642 
0.000000000000000,0.000000000000000,0.000000000000000 
 0.000000000000000,0.000000000000000,0.000000000000000 
 0.000000000000000,0.000000000000000,0.000000000000000 
0.000000000000000,0.000000000000000,0.000000000000000 
 0.000000000000000,0.000000000000000,0.000000000000000 
 0.000000000000000,0.000000000000000,0.000000000000000 
0.000000000000000,0.000000000000000,0.000000000000000 
 0.000000000000000,0.000000000000000,0.000000000000000 
 0.000000000000000,0.000000000000000,0.000000000000000 
