55.917227503581231,-3.312953923787976,139.431152343750000 
0.029437482891134,0.000000000000000,0.000000000000000 
 0.000000000000000,0.055870529053241,0.000000000000000 
 0.000000000000000,0.000000000000000,0.161204034128596 
-0.00597,-0.02048,0.63946,0.76853 
-0.00043,-0.00016,-0.00004 
0.01050,-0.00840,-0.01203 
0.000000000000000,0.000000000000000,0.000000000000000 
 0.000000000000000,0.000000000000000,0.000000000000000 
 0.000000000000000,0.000000000000000,0.000000000000000 
0.000000000000000,0.000000000000000,0.000000000000000 
 0.000000000000000,0.000000000000000,0.000000000000000 
 0.000000000000000,0.000000000000000,0.000000000000000 
0.000000000000000,0.000000000000000,0.000000000000000 
 0.000000000000000,0.000000000000000,0.000000000000000 
 0.000000000000000,0.000000000000000,0.000000000000000 
-0.00594,0.00153,0.01640 
-0.00043,-0.00016,-0.00004 
