55.917227556682960,-3.312954010965174,139.437088012695312 
0.029434082651321,0.000000000000000,0.000000000000000 
 0.000000000000000,0.055869972550241,0.000000000000000 
 0.000000000000000,0.000000000000000,0.162005821043537 
-0.00599,-0.02045,0.63946,0.76853 
0.00011,0.00047,0.00012 
-0.00975,0.00004,0.00583 
0.000000000000000,0.000000000000000,0.000000000000000 
 0.000000000000000,0.000000000000000,0.000000000000000 
 0.000000000000000,0.000000000000000,0.000000000000000 
0.000000000000000,0.000000000000000,0.000000000000000 
 0.000000000000000,0.000000000000000,0.000000000000000 
 0.000000000000000,0.000000000000000,0.000000000000000 
0.000000000000000,0.000000000000000,0.000000000000000 
 0.000000000000000,0.000000000000000,0.000000000000000 
 0.000000000000000,0.000000000000000,0.000000000000000 
0.00568,-0.00865,0.01338 
0.00011,0.00047,0.00012 
