55.939854143929750,-3.220851166007613,133.744552612304688 
0.041272890866381,0.000000000000000,0.000000000000000 
 0.000000000000000,0.095244965164568,0.000000000000000 
 0.000000000000000,0.000000000000000,0.190974553726520 
-0.01361,-0.00304,-0.99650,-0.08241 
-0.05974,0.00318,-0.01444 
1.76267,-0.26573,-0.07821 
0.000000000000000,0.000000000000000,0.000000000000000 
 0.000000000000000,0.000000000000000,0.000000000000000 
 0.000000000000000,0.000000000000000,0.000000000000000 
0.000000000000000,0.000000000000000,0.000000000000000 
 0.000000000000000,0.000000000000000,0.000000000000000 
 0.000000000000000,0.000000000000000,0.000000000000000 
0.000000000000000,0.000000000000000,0.000000000000000 
 0.000000000000000,0.000000000000000,0.000000000000000 
 0.000000000000000,0.000000000000000,0.000000000000000 
