55.939859767892131,-3.220966983732307,133.635452270507812 
0.041679281487410,0.000000000000000,0.000000000000000 
 0.000000000000000,0.094498472227067,0.000000000000000 
 0.000000000000000,0.000000000000000,0.190711693631962 
-0.01220,0.00009,-0.99673,-0.07987 
-0.01754,-0.01687,-0.00741 
-0.32450,-0.37954,-0.19460 
0.000000000000000,0.000000000000000,0.000000000000000 
 0.000000000000000,0.000000000000000,0.000000000000000 
 0.000000000000000,0.000000000000000,0.000000000000000 
0.000000000000000,0.000000000000000,0.000000000000000 
 0.000000000000000,0.000000000000000,0.000000000000000 
 0.000000000000000,0.000000000000000,0.000000000000000 
0.000000000000000,0.000000000000000,0.000000000000000 
 0.000000000000000,0.000000000000000,0.000000000000000 
 0.000000000000000,0.000000000000000,0.000000000000000 
