55.939853874039073,-3.220844274659216,133.742095947265625 
0.041257011284454,0.000000000000000,0.000000000000000 
 0.000000000000000,0.095308641092950,0.000000000000000 
 0.000000000000000,0.000000000000000,0.191710324556027 
-0.01372,-0.00439,-0.99642,-0.08330 
-0.07106,-0.00760,-0.02203 
1.88798,-0.60823,-0.17755 
0.000000000000000,0.000000000000000,0.000000000000000 
 0.000000000000000,0.000000000000000,0.000000000000000 
 0.000000000000000,0.000000000000000,0.000000000000000 
0.000000000000000,0.000000000000000,0.000000000000000 
 0.000000000000000,0.000000000000000,0.000000000000000 
 0.000000000000000,0.000000000000000,0.000000000000000 
0.000000000000000,0.000000000000000,0.000000000000000 
 0.000000000000000,0.000000000000000,0.000000000000000 
 0.000000000000000,0.000000000000000,0.000000000000000 
