55.917227580820239,-3.312954020481939,139.399978637695312 
0.029914542444685,0.000000000000000,0.000000000000000 
 0.000000000000000,0.056051334734894,0.000000000000000 
 0.000000000000000,0.000000000000000,0.161926277191804 
-0.00605,-0.02051,0.63937,0.76860 
-0.00098,-0.00038,0.00088 
0.01208,0.00870,-0.03199 
0.000000000000000,0.000000000000000,0.000000000000000 
 0.000000000000000,0.000000000000000,0.000000000000000 
 0.000000000000000,0.000000000000000,0.000000000000000 
0.000000000000000,0.000000000000000,0.000000000000000 
 0.000000000000000,0.000000000000000,0.000000000000000 
 0.000000000000000,0.000000000000000,0.000000000000000 
0.000000000000000,0.000000000000000,0.000000000000000 
 0.000000000000000,0.000000000000000,0.000000000000000 
 0.000000000000000,0.000000000000000,0.000000000000000 
0.00068,-0.00725,0.01002 
-0.00098,-0.00038,0.00088 
