55.917228412407589,-3.312953733905212,139.426177978515625 
0.031630784359963,0.000000000000000,0.000000000000000 
 0.000000000000000,0.057590327573603,0.000000000000000 
 0.000000000000000,0.000000000000000,0.165931961740612 
-0.00613,-0.02054,0.63916,0.76878 
-0.00061,0.00013,0.00112 
0.01328,-0.01653,-0.04213 
0.000000000000000,0.000000000000000,0.000000000000000 
 0.000000000000000,0.000000000000000,0.000000000000000 
 0.000000000000000,0.000000000000000,0.000000000000000 
0.000000000000000,0.000000000000000,0.000000000000000 
 0.000000000000000,0.000000000000000,0.000000000000000 
 0.000000000000000,0.000000000000000,0.000000000000000 
0.000000000000000,0.000000000000000,0.000000000000000 
 0.000000000000000,0.000000000000000,0.000000000000000 
 0.000000000000000,0.000000000000000,0.000000000000000 
0.00312,-0.00699,0.00277 
-0.00061,0.00013,0.00112 
