55.939866492390230,-3.221120167120332,133.483016967773438 
0.041463599210517,0.000000000000000,0.000000000000000 
 0.000000000000000,0.092672385772347,0.000000000000000 
 0.000000000000000,0.000000000000000,0.189350670119893 
-0.01580,-0.00065,-0.99724,-0.07250 
-0.05185,-0.02743,-0.00983 
-0.63162,-0.51996,0.12923 
0.000000000000000,0.000000000000000,0.000000000000000 
 0.000000000000000,0.000000000000000,0.000000000000000 
 0.000000000000000,0.000000000000000,0.000000000000000 
0.000000000000000,0.000000000000000,0.000000000000000 
 0.000000000000000,0.000000000000000,0.000000000000000 
 0.000000000000000,0.000000000000000,0.000000000000000 
0.000000000000000,0.000000000000000,0.000000000000000 
 0.000000000000000,0.000000000000000,0.000000000000000 
 0.000000000000000,0.000000000000000,0.000000000000000 
