55.917229091999289,-3.312953546662620,139.455642700195312 
0.031976624053202,0.000000000000000,0.000000000000000 
 0.000000000000000,0.057894607926755,0.000000000000000 
 0.000000000000000,0.000000000000000,0.166457549382714 
-0.00664,-0.02012,0.63912,0.76881 
0.00234,0.00186,-0.00037 
0.35942,-0.00084,-0.04994 
0.000000000000000,0.000000000000000,0.000000000000000 
 0.000000000000000,0.000000000000000,0.000000000000000 
 0.000000000000000,0.000000000000000,0.000000000000000 
0.000000000000000,0.000000000000000,0.000000000000000 
 0.000000000000000,0.000000000000000,0.000000000000000 
 0.000000000000000,0.000000000000000,0.000000000000000 
0.000000000000000,0.000000000000000,0.000000000000000 
 0.000000000000000,0.000000000000000,0.000000000000000 
 0.000000000000000,0.000000000000000,0.000000000000000 
0.14621,0.01421,0.00265 
0.00234,0.00186,-0.00037 
