55.917228779664008,-3.312953602124889,139.446166992187500 
0.031900727273675,0.000000000000000,0.000000000000000 
 0.000000000000000,0.057843756431195,0.000000000000000 
 0.000000000000000,0.000000000000000,0.165603642875794 
-0.00656,-0.02035,0.63915,0.76879 
-0.00162,0.00056,-0.00029 
0.26651,-0.00111,0.02547 
0.000000000000000,0.000000000000000,0.000000000000000 
 0.000000000000000,0.000000000000000,0.000000000000000 
 0.000000000000000,0.000000000000000,0.000000000000000 
0.000000000000000,0.000000000000000,0.000000000000000 
 0.000000000000000,0.000000000000000,0.000000000000000 
 0.000000000000000,0.000000000000000,0.000000000000000 
0.000000000000000,0.000000000000000,0.000000000000000 
 0.000000000000000,0.000000000000000,0.000000000000000 
 0.000000000000000,0.000000000000000,0.000000000000000 
0.07757,0.00661,0.00705 
-0.00162,0.00056,-0.00029 
