55.939874632772472,-3.221818669010294,132.718933105468750 
0.040407016464571,0.000000000000000,0.000000000000000 
 0.000000000000000,0.086545207391965,0.000000000000000 
 0.000000000000000,0.000000000000000,0.182324508810044 
-0.01243,0.01038,-0.99987,-0.00141 
-0.02781,0.03703,-0.06819 
0.36955,-0.96938,0.37521 
0.000000000000000,0.000000000000000,0.000000000000000 
 0.000000000000000,0.000000000000000,0.000000000000000 
 0.000000000000000,0.000000000000000,0.000000000000000 
0.000000000000000,0.000000000000000,0.000000000000000 
 0.000000000000000,0.000000000000000,0.000000000000000 
 0.000000000000000,0.000000000000000,0.000000000000000 
0.000000000000000,0.000000000000000,0.000000000000000 
 0.000000000000000,0.000000000000000,0.000000000000000 
 0.000000000000000,0.000000000000000,0.000000000000000 
