55.939877820930953,-3.221486019777254,133.143753051757812 
0.040920013657853,0.000000000000000,0.000000000000000 
 0.000000000000000,0.088779707682826,0.000000000000000 
 0.000000000000000,0.000000000000000,0.185640941273309 
-0.01768,0.00817,-0.99791,-0.06164 
-0.00760,-0.01221,-0.02435 
-0.11527,-0.35458,0.46476 
0.000000000000000,0.000000000000000,0.000000000000000 
 0.000000000000000,0.000000000000000,0.000000000000000 
 0.000000000000000,0.000000000000000,0.000000000000000 
0.000000000000000,0.000000000000000,0.000000000000000 
 0.000000000000000,0.000000000000000,0.000000000000000 
 0.000000000000000,0.000000000000000,0.000000000000000 
0.000000000000000,0.000000000000000,0.000000000000000 
 0.000000000000000,0.000000000000000,0.000000000000000 
 0.000000000000000,0.000000000000000,0.000000000000000 
