55.939818187748038,-3.222236467125742,131.714111328125000 
0.036682144253799,0.000000000000000,0.000000000000000 
 0.000000000000000,0.080726846408873,0.000000000000000 
 0.000000000000000,0.000000000000000,0.177734183242194 
-0.03465,0.01410,-0.98815,0.14883 
-0.02470,-0.00217,-0.17410 
-0.32519,-1.73606,-0.18083 
0.000000000000000,0.000000000000000,0.000000000000000 
 0.000000000000000,0.000000000000000,0.000000000000000 
 0.000000000000000,0.000000000000000,0.000000000000000 
0.000000000000000,0.000000000000000,0.000000000000000 
 0.000000000000000,0.000000000000000,0.000000000000000 
 0.000000000000000,0.000000000000000,0.000000000000000 
0.000000000000000,0.000000000000000,0.000000000000000 
 0.000000000000000,0.000000000000000,0.000000000000000 
 0.000000000000000,0.000000000000000,0.000000000000000 
