55.917270040735893,-3.312941324198020,139.579727172851562 
0.032322436650830,0.000000000000000,0.000000000000000 
 0.000000000000000,0.058214336330153,0.000000000000000 
 0.000000000000000,0.000000000000000,0.166739395210755 
-0.00625,-0.02016,0.64350,0.76515 
-0.00786,0.01091,-0.01120 
-0.28561,0.03963,-0.23501 
0.000000000000000,0.000000000000000,0.000000000000000 
 0.000000000000000,0.000000000000000,0.000000000000000 
 0.000000000000000,0.000000000000000,0.000000000000000 
0.000000000000000,0.000000000000000,0.000000000000000 
 0.000000000000000,0.000000000000000,0.000000000000000 
 0.000000000000000,0.000000000000000,0.000000000000000 
0.000000000000000,0.000000000000000,0.000000000000000 
 0.000000000000000,0.000000000000000,0.000000000000000 
 0.000000000000000,0.000000000000000,0.000000000000000 
1.59507,0.23380,0.01014 
-0.00786,0.01091,-0.01120 
