55.917270793891539,-3.312941179505261,139.580932617187500 
0.032331127899909,0.000000000000000,0.000000000000000 
 0.000000000000000,0.058218449425561,0.000000000000000 
 0.000000000000000,0.000000000000000,0.167179828585645 
-0.00647,-0.02023,0.64378,0.76492 
-0.00842,0.00395,-0.01350 
-0.31292,0.01383,-0.29746 
0.000000000000000,0.000000000000000,0.000000000000000 
 0.000000000000000,0.000000000000000,0.000000000000000 
 0.000000000000000,0.000000000000000,0.000000000000000 
0.000000000000000,0.000000000000000,0.000000000000000 
 0.000000000000000,0.000000000000000,0.000000000000000 
 0.000000000000000,0.000000000000000,0.000000000000000 
0.000000000000000,0.000000000000000,0.000000000000000 
 0.000000000000000,0.000000000000000,0.000000000000000 
 0.000000000000000,0.000000000000000,0.000000000000000 
1.59432,0.22205,-0.01292 
-0.00842,0.00395,-0.01350 
