55.939873205226469,-3.221842371375548,132.708679199218750 
0.040262368591773,0.000000000000000,0.000000000000000 
 0.000000000000000,0.086250767859689,0.000000000000000 
 0.000000000000000,0.000000000000000,0.182449188478358 
-0.01028,0.01157,-0.99987,0.00419 
-0.01899,0.01581,-0.07878 
0.27657,-0.47245,-0.95914 
0.000000000000000,0.000000000000000,0.000000000000000 
 0.000000000000000,0.000000000000000,0.000000000000000 
 0.000000000000000,0.000000000000000,0.000000000000000 
0.000000000000000,0.000000000000000,0.000000000000000 
 0.000000000000000,0.000000000000000,0.000000000000000 
 0.000000000000000,0.000000000000000,0.000000000000000 
0.000000000000000,0.000000000000000,0.000000000000000 
 0.000000000000000,0.000000000000000,0.000000000000000 
 0.000000000000000,0.000000000000000,0.000000000000000 
