55.917274332426629,-3.312940298824713,139.595596313476562 
0.032352271480246,0.000000000000000,0.000000000000000 
 0.000000000000000,0.058225417570848,0.000000000000000 
 0.000000000000000,0.000000000000000,0.166439627334146 
-0.00646,-0.02063,0.64473,0.76411 
0.00238,-0.00060,-0.01106 
-0.43904,0.01526,-0.12979 
0.000000000000000,0.000000000000000,0.000000000000000 
 0.000000000000000,0.000000000000000,0.000000000000000 
 0.000000000000000,0.000000000000000,0.000000000000000 
0.000000000000000,0.000000000000000,0.000000000000000 
 0.000000000000000,0.000000000000000,0.000000000000000 
 0.000000000000000,0.000000000000000,0.000000000000000 
0.000000000000000,0.000000000000000,0.000000000000000 
 0.000000000000000,0.000000000000000,0.000000000000000 
 0.000000000000000,0.000000000000000,0.000000000000000 
1.51403,0.20578,-0.02072 
0.00238,-0.00060,-0.01106 
