55.917300006374845,-3.312934508620376,139.736862182617188 
0.032117300202019,0.000000000000000,0.000000000000000 
 0.000000000000000,0.057949793404291,0.000000000000000 
 0.000000000000000,0.000000000000000,0.166485613795872 
-0.00423,-0.02010,0.65225,0.75773 
0.00335,0.00359,-0.00291 
0.28193,-0.03118,0.16609 
0.000000000000000,0.000000000000000,0.000000000000000 
 0.000000000000000,0.000000000000000,0.000000000000000 
 0.000000000000000,0.000000000000000,0.000000000000000 
0.000000000000000,0.000000000000000,0.000000000000000 
 0.000000000000000,0.000000000000000,0.000000000000000 
 0.000000000000000,0.000000000000000,0.000000000000000 
0.000000000000000,0.000000000000000,0.000000000000000 
 0.000000000000000,0.000000000000000,0.000000000000000 
 0.000000000000000,0.000000000000000,0.000000000000000 
0.56717,0.06896,-0.01078 
0.00335,0.00359,-0.00291 
