55.917294513041334,-3.312935654139327,139.691986083984375 
0.032206181835841,0.000000000000000,0.000000000000000 
 0.000000000000000,0.058094695958399,0.000000000000000 
 0.000000000000000,0.000000000000000,0.166846965725051 
-0.00474,-0.02041,0.65073,0.75902 
0.00079,0.00021,-0.00625 
-0.20499,0.01594,0.03418 
0.000000000000000,0.000000000000000,0.000000000000000 
 0.000000000000000,0.000000000000000,0.000000000000000 
 0.000000000000000,0.000000000000000,0.000000000000000 
0.000000000000000,0.000000000000000,0.000000000000000 
 0.000000000000000,0.000000000000000,0.000000000000000 
 0.000000000000000,0.000000000000000,0.000000000000000 
0.000000000000000,0.000000000000000,0.000000000000000 
 0.000000000000000,0.000000000000000,0.000000000000000 
 0.000000000000000,0.000000000000000,0.000000000000000 
0.79505,0.08365,-0.00559 
0.00079,0.00021,-0.00625 
