55.917299474214325,-3.312934672644157,139.733367919921875 
0.032129975559173,0.000000000000000,0.000000000000000 
 0.000000000000000,0.057969581654195,0.000000000000000 
 0.000000000000000,0.000000000000000,0.166647504554533 
-0.00427,-0.02035,0.65214,0.75781 
0.00099,-0.00035,-0.00416 
-0.23034,-0.02754,0.00100 
0.000000000000000,0.000000000000000,0.000000000000000 
 0.000000000000000,0.000000000000000,0.000000000000000 
 0.000000000000000,0.000000000000000,0.000000000000000 
0.000000000000000,0.000000000000000,0.000000000000000 
 0.000000000000000,0.000000000000000,0.000000000000000 
 0.000000000000000,0.000000000000000,0.000000000000000 
0.000000000000000,0.000000000000000,0.000000000000000 
 0.000000000000000,0.000000000000000,0.000000000000000 
 0.000000000000000,0.000000000000000,0.000000000000000 
0.58465,0.06115,-0.02152 
0.00099,-0.00035,-0.00416 
