55.939674958854553,-3.222565186046581,130.022247314453125 
0.035184927542586,0.000000000000000,0.000000000000000 
 0.000000000000000,0.077525397435637,0.000000000000000 
 0.000000000000000,0.000000000000000,0.174144551339751 
-0.02886,-0.00598,-0.93373,0.35677 
-0.00929,0.00801,-0.08224 
0.09643,-0.59561,0.14093 
0.000000000000000,0.000000000000000,0.000000000000000 
 0.000000000000000,0.000000000000000,0.000000000000000 
 0.000000000000000,0.000000000000000,0.000000000000000 
0.000000000000000,0.000000000000000,0.000000000000000 
 0.000000000000000,0.000000000000000,0.000000000000000 
 0.000000000000000,0.000000000000000,0.000000000000000 
0.000000000000000,0.000000000000000,0.000000000000000 
 0.000000000000000,0.000000000000000,0.000000000000000 
 0.000000000000000,0.000000000000000,0.000000000000000 
