55.939295096222835,-3.223091865909200,127.431114196777344 
0.035355674855020,0.000000000000000,0.000000000000000 
 0.000000000000000,0.073941602313088,0.000000000000000 
 0.000000000000000,0.000000000000000,0.175876992417049 
-0.03204,-0.00509,-0.92490,0.37884 
0.04841,0.01392,0.00758 
-0.22339,0.49487,-0.62623 
0.000000000000000,0.000000000000000,0.000000000000000 
 0.000000000000000,0.000000000000000,0.000000000000000 
 0.000000000000000,0.000000000000000,0.000000000000000 
0.000000000000000,0.000000000000000,0.000000000000000 
 0.000000000000000,0.000000000000000,0.000000000000000 
 0.000000000000000,0.000000000000000,0.000000000000000 
0.000000000000000,0.000000000000000,0.000000000000000 
 0.000000000000000,0.000000000000000,0.000000000000000 
 0.000000000000000,0.000000000000000,0.000000000000000 
