55.939391930079516,-3.222955672185594,127.951980590820312 
0.034962939208882,0.000000000000000,0.000000000000000 
 0.000000000000000,0.074677785653955,0.000000000000000 
 0.000000000000000,0.000000000000000,0.174710656517164 
-0.03604,-0.00510,-0.92168,0.38625 
-0.03352,-0.00883,0.01937 
0.13648,0.40902,0.22293 
0.000000000000000,0.000000000000000,0.000000000000000 
 0.000000000000000,0.000000000000000,0.000000000000000 
 0.000000000000000,0.000000000000000,0.000000000000000 
0.000000000000000,0.000000000000000,0.000000000000000 
 0.000000000000000,0.000000000000000,0.000000000000000 
 0.000000000000000,0.000000000000000,0.000000000000000 
0.000000000000000,0.000000000000000,0.000000000000000 
 0.000000000000000,0.000000000000000,0.000000000000000 
 0.000000000000000,0.000000000000000,0.000000000000000 
