55.939468411824741,-3.222852310377217,128.506088256835938 
0.035022010892662,0.000000000000000,0.000000000000000 
 0.000000000000000,0.075090333882656,0.000000000000000 
 0.000000000000000,0.000000000000000,0.175934189771855 
-0.03026,-0.01089,-0.91754,0.39634 
0.01428,0.00507,0.00158 
-0.28474,0.26879,-0.01541 
0.000000000000000,0.000000000000000,0.000000000000000 
 0.000000000000000,0.000000000000000,0.000000000000000 
 0.000000000000000,0.000000000000000,0.000000000000000 
0.000000000000000,0.000000000000000,0.000000000000000 
 0.000000000000000,0.000000000000000,0.000000000000000 
 0.000000000000000,0.000000000000000,0.000000000000000 
0.000000000000000,0.000000000000000,0.000000000000000 
 0.000000000000000,0.000000000000000,0.000000000000000 
 0.000000000000000,0.000000000000000,0.000000000000000 
