55.939483171481179,-3.222832601458649,128.666534423828125 
0.034884031873440,0.000000000000000,0.000000000000000 
 0.000000000000000,0.075226631160498,0.000000000000000 
 0.000000000000000,0.000000000000000,0.175196538722165 
-0.03095,-0.01107,-0.91726,0.39694 
0.01242,0.01075,-0.00530 
-0.29981,0.22726,-0.01335 
0.000000000000000,0.000000000000000,0.000000000000000 
 0.000000000000000,0.000000000000000,0.000000000000000 
 0.000000000000000,0.000000000000000,0.000000000000000 
0.000000000000000,0.000000000000000,0.000000000000000 
 0.000000000000000,0.000000000000000,0.000000000000000 
 0.000000000000000,0.000000000000000,0.000000000000000 
0.000000000000000,0.000000000000000,0.000000000000000 
 0.000000000000000,0.000000000000000,0.000000000000000 
 0.000000000000000,0.000000000000000,0.000000000000000 
