55.939472181672471,-3.222847506145406,128.539825439453125 
0.034987702437565,0.000000000000000,0.000000000000000 
 0.000000000000000,0.075123771729509,0.000000000000000 
 0.000000000000000,0.000000000000000,0.175484486741916 
-0.03051,-0.01062,-0.91752,0.39637 
0.00247,0.00426,0.00239 
-0.31914,0.07644,-0.15002 
0.000000000000000,0.000000000000000,0.000000000000000 
 0.000000000000000,0.000000000000000,0.000000000000000 
 0.000000000000000,0.000000000000000,0.000000000000000 
0.000000000000000,0.000000000000000,0.000000000000000 
 0.000000000000000,0.000000000000000,0.000000000000000 
 0.000000000000000,0.000000000000000,0.000000000000000 
0.000000000000000,0.000000000000000,0.000000000000000 
 0.000000000000000,0.000000000000000,0.000000000000000 
 0.000000000000000,0.000000000000000,0.000000000000000 
