55.939388230765381,-3.222960554508308,127.905830383300781 
0.034971237230082,0.000000000000000,0.000000000000000 
 0.000000000000000,0.074650163248088,0.000000000000000 
 0.000000000000000,0.000000000000000,0.175148690939992 
-0.03659,-0.00432,-0.92183,0.38583 
-0.03600,-0.00880,0.01660 
-0.14671,0.11514,-0.06829 
0.000000000000000,0.000000000000000,0.000000000000000 
 0.000000000000000,0.000000000000000,0.000000000000000 
 0.000000000000000,0.000000000000000,0.000000000000000 
0.000000000000000,0.000000000000000,0.000000000000000 
 0.000000000000000,0.000000000000000,0.000000000000000 
 0.000000000000000,0.000000000000000,0.000000000000000 
0.000000000000000,0.000000000000000,0.000000000000000 
 0.000000000000000,0.000000000000000,0.000000000000000 
 0.000000000000000,0.000000000000000,0.000000000000000 
