55.939238652306450,-3.223172517892875,126.985321044921875 
0.034818558882223,0.000000000000000,0.000000000000000 
 0.000000000000000,0.073530044215747,0.000000000000000 
 0.000000000000000,0.000000000000000,0.175935539821751 
-0.03399,-0.00516,-0.92521,0.37789 
-0.00789,0.00722,-0.01582 
-0.30151,-0.63229,-0.87438 
0.000000000000000,0.000000000000000,0.000000000000000 
 0.000000000000000,0.000000000000000,0.000000000000000 
 0.000000000000000,0.000000000000000,0.000000000000000 
0.000000000000000,0.000000000000000,0.000000000000000 
 0.000000000000000,0.000000000000000,0.000000000000000 
 0.000000000000000,0.000000000000000,0.000000000000000 
0.000000000000000,0.000000000000000,0.000000000000000 
 0.000000000000000,0.000000000000000,0.000000000000000 
 0.000000000000000,0.000000000000000,0.000000000000000 
