55.939076479207017,-3.223404065686903,125.926635742187500 
0.033694327890281,0.000000000000000,0.000000000000000 
 0.000000000000000,0.071648986868511,0.000000000000000 
 0.000000000000000,0.000000000000000,0.173302860250161 
-0.03305,0.00465,-0.92774,0.37174 
0.00632,0.03530,0.00922 
-0.00438,0.09287,0.64675 
0.000000000000000,0.000000000000000,0.000000000000000 
 0.000000000000000,0.000000000000000,0.000000000000000 
 0.000000000000000,0.000000000000000,0.000000000000000 
0.000000000000000,0.000000000000000,0.000000000000000 
 0.000000000000000,0.000000000000000,0.000000000000000 
 0.000000000000000,0.000000000000000,0.000000000000000 
0.000000000000000,0.000000000000000,0.000000000000000 
 0.000000000000000,0.000000000000000,0.000000000000000 
 0.000000000000000,0.000000000000000,0.000000000000000 
