55.939171889354022,-3.223267572071892,126.532241821289062 
0.034362456098806,0.000000000000000,0.000000000000000 
 0.000000000000000,0.072836065225993,0.000000000000000 
 0.000000000000000,0.000000000000000,0.175567742938413 
-0.03138,-0.00158,-0.92651,0.37496 
-0.02530,0.05698,-0.00595 
0.18568,-0.00158,0.06145 
0.000000000000000,0.000000000000000,0.000000000000000 
 0.000000000000000,0.000000000000000,0.000000000000000 
 0.000000000000000,0.000000000000000,0.000000000000000 
0.000000000000000,0.000000000000000,0.000000000000000 
 0.000000000000000,0.000000000000000,0.000000000000000 
 0.000000000000000,0.000000000000000,0.000000000000000 
0.000000000000000,0.000000000000000,0.000000000000000 
 0.000000000000000,0.000000000000000,0.000000000000000 
 0.000000000000000,0.000000000000000,0.000000000000000 
