55.938877200081173,-3.223685419461872,125.344406127929688 
0.038159657159840,0.000000000000000,0.000000000000000 
 0.000000000000000,0.072513878005850,0.000000000000000 
 0.000000000000000,0.000000000000000,0.180221292305077 
-0.03360,0.00285,-0.92570,0.37675 
0.01807,0.05673,-0.01629 
0.59971,-0.08816,-0.05316 
0.000000000000000,0.000000000000000,0.000000000000000 
 0.000000000000000,0.000000000000000,0.000000000000000 
 0.000000000000000,0.000000000000000,0.000000000000000 
0.000000000000000,0.000000000000000,0.000000000000000 
 0.000000000000000,0.000000000000000,0.000000000000000 
 0.000000000000000,0.000000000000000,0.000000000000000 
0.000000000000000,0.000000000000000,0.000000000000000 
 0.000000000000000,0.000000000000000,0.000000000000000 
 0.000000000000000,0.000000000000000,0.000000000000000 
