55.939009690808376,-3.223501496973347,125.600555419921875 
0.033261814246904,0.000000000000000,0.000000000000000 
 0.000000000000000,0.070526657086848,0.000000000000000 
 0.000000000000000,0.000000000000000,0.173012022661201 
-0.02998,-0.00202,-0.92769,0.37215 
0.02844,0.00531,-0.00697 
0.01431,-0.09608,0.72083 
0.000000000000000,0.000000000000000,0.000000000000000 
 0.000000000000000,0.000000000000000,0.000000000000000 
 0.000000000000000,0.000000000000000,0.000000000000000 
0.000000000000000,0.000000000000000,0.000000000000000 
 0.000000000000000,0.000000000000000,0.000000000000000 
 0.000000000000000,0.000000000000000,0.000000000000000 
0.000000000000000,0.000000000000000,0.000000000000000 
 0.000000000000000,0.000000000000000,0.000000000000000 
 0.000000000000000,0.000000000000000,0.000000000000000 
