55.938888189923162,-3.223670047371541,125.426673889160156 
0.037590820624669,0.000000000000000,0.000000000000000 
 0.000000000000000,0.072143311438588,0.000000000000000 
 0.000000000000000,0.000000000000000,0.179041649801150 
-0.03634,0.00346,-0.92588,0.37606 
-0.00210,-0.03604,-0.01591 
0.44763,-0.05394,1.19701 
0.000000000000000,0.000000000000000,0.000000000000000 
 0.000000000000000,0.000000000000000,0.000000000000000 
 0.000000000000000,0.000000000000000,0.000000000000000 
0.000000000000000,0.000000000000000,0.000000000000000 
 0.000000000000000,0.000000000000000,0.000000000000000 
 0.000000000000000,0.000000000000000,0.000000000000000 
0.000000000000000,0.000000000000000,0.000000000000000 
 0.000000000000000,0.000000000000000,0.000000000000000 
 0.000000000000000,0.000000000000000,0.000000000000000 
