55.938539283151840,-3.224148246813398,123.866966247558594 
0.041596314788372,0.000000000000000,0.000000000000000 
 0.000000000000000,0.077121249895584,0.000000000000000 
 0.000000000000000,0.000000000000000,0.188861432677890 
-0.02566,-0.00163,-0.92534,0.37826 
0.01822,-0.00919,-0.00022 
-0.30550,0.28338,0.36429 
0.000000000000000,0.000000000000000,0.000000000000000 
 0.000000000000000,0.000000000000000,0.000000000000000 
 0.000000000000000,0.000000000000000,0.000000000000000 
0.000000000000000,0.000000000000000,0.000000000000000 
 0.000000000000000,0.000000000000000,0.000000000000000 
 0.000000000000000,0.000000000000000,0.000000000000000 
0.000000000000000,0.000000000000000,0.000000000000000 
 0.000000000000000,0.000000000000000,0.000000000000000 
 0.000000000000000,0.000000000000000,0.000000000000000 
