55.938557100195105,-3.224122995109241,123.853942871093750 
0.041858052899645,0.000000000000000,0.000000000000000 
 0.000000000000000,0.077004779906137,0.000000000000000 
 0.000000000000000,0.000000000000000,0.188399681662816 
-0.02502,0.00055,-0.92533,0.37832 
0.01800,0.00157,-0.00320 
-0.42984,0.01254,-0.04754 
0.000000000000000,0.000000000000000,0.000000000000000 
 0.000000000000000,0.000000000000000,0.000000000000000 
 0.000000000000000,0.000000000000000,0.000000000000000 
0.000000000000000,0.000000000000000,0.000000000000000 
 0.000000000000000,0.000000000000000,0.000000000000000 
 0.000000000000000,0.000000000000000,0.000000000000000 
0.000000000000000,0.000000000000000,0.000000000000000 
 0.000000000000000,0.000000000000000,0.000000000000000 
 0.000000000000000,0.000000000000000,0.000000000000000 
