55.938542892996502,-3.224143186435168,123.869583129882812 
0.041646317216512,0.000000000000000,0.000000000000000 
 0.000000000000000,0.077097449043330,0.000000000000000 
 0.000000000000000,0.000000000000000,0.188282347197855 
-0.02562,-0.00112,-0.92535,0.37825 
0.01795,-0.01558,-0.00235 
-0.29439,0.02859,-0.07896 
0.000000000000000,0.000000000000000,0.000000000000000 
 0.000000000000000,0.000000000000000,0.000000000000000 
 0.000000000000000,0.000000000000000,0.000000000000000 
0.000000000000000,0.000000000000000,0.000000000000000 
 0.000000000000000,0.000000000000000,0.000000000000000 
 0.000000000000000,0.000000000000000,0.000000000000000 
0.000000000000000,0.000000000000000,0.000000000000000 
 0.000000000000000,0.000000000000000,0.000000000000000 
 0.000000000000000,0.000000000000000,0.000000000000000 
