55.938524244273921,-3.224167695970806,123.710556030273438 
0.041378671166260,0.000000000000000,0.000000000000000 
 0.000000000000000,0.077193634991993,0.000000000000000 
 0.000000000000000,0.000000000000000,0.188692245632410 
-0.02532,-0.00114,-0.92568,0.37747 
-0.00240,0.00192,0.00913 
-0.34646,0.10618,0.18826 
0.000000000000000,0.000000000000000,0.000000000000000 
 0.000000000000000,0.000000000000000,0.000000000000000 
 0.000000000000000,0.000000000000000,0.000000000000000 
0.000000000000000,0.000000000000000,0.000000000000000 
 0.000000000000000,0.000000000000000,0.000000000000000 
 0.000000000000000,0.000000000000000,0.000000000000000 
0.000000000000000,0.000000000000000,0.000000000000000 
 0.000000000000000,0.000000000000000,0.000000000000000 
 0.000000000000000,0.000000000000000,0.000000000000000 
