55.938615997307494,-3.224042117339298,124.152206420898438 
0.042205403676520,0.000000000000000,0.000000000000000 
 0.000000000000000,0.076186048003596,0.000000000000000 
 0.000000000000000,0.000000000000000,0.187189632706564 
-0.02812,0.00107,-0.92558,0.37751 
0.00844,0.00073,-0.00316 
-0.36291,-0.06631,0.01881 
0.000000000000000,0.000000000000000,0.000000000000000 
 0.000000000000000,0.000000000000000,0.000000000000000 
 0.000000000000000,0.000000000000000,0.000000000000000 
0.000000000000000,0.000000000000000,0.000000000000000 
 0.000000000000000,0.000000000000000,0.000000000000000 
 0.000000000000000,0.000000000000000,0.000000000000000 
0.000000000000000,0.000000000000000,0.000000000000000 
 0.000000000000000,0.000000000000000,0.000000000000000 
 0.000000000000000,0.000000000000000,0.000000000000000 
