55.938646099069430,-3.224000539714841,124.291618347167969 
0.042699167964749,0.000000000000000,0.000000000000000 
 0.000000000000000,0.075925507458635,0.000000000000000 
 0.000000000000000,0.000000000000000,0.186623597694614 
-0.02931,0.00297,-0.92550,0.37760 
0.01965,0.01637,-0.00250 
-0.25986,0.17919,-0.17225 
0.000000000000000,0.000000000000000,0.000000000000000 
 0.000000000000000,0.000000000000000,0.000000000000000 
 0.000000000000000,0.000000000000000,0.000000000000000 
0.000000000000000,0.000000000000000,0.000000000000000 
 0.000000000000000,0.000000000000000,0.000000000000000 
 0.000000000000000,0.000000000000000,0.000000000000000 
0.000000000000000,0.000000000000000,0.000000000000000 
 0.000000000000000,0.000000000000000,0.000000000000000 
 0.000000000000000,0.000000000000000,0.000000000000000 
