55.938578872983470,-3.224092812826845,123.915695190429688 
0.042224306182570,0.000000000000000,0.000000000000000 
 0.000000000000000,0.076884712314055,0.000000000000000 
 0.000000000000000,0.000000000000000,0.187400304163020 
-0.02808,0.00189,-0.92533,0.37812 
-0.00032,0.01942,-0.00184 
-0.27846,0.03394,-0.04488 
0.000000000000000,0.000000000000000,0.000000000000000 
 0.000000000000000,0.000000000000000,0.000000000000000 
 0.000000000000000,0.000000000000000,0.000000000000000 
0.000000000000000,0.000000000000000,0.000000000000000 
 0.000000000000000,0.000000000000000,0.000000000000000 
 0.000000000000000,0.000000000000000,0.000000000000000 
0.000000000000000,0.000000000000000,0.000000000000000 
 0.000000000000000,0.000000000000000,0.000000000000000 
 0.000000000000000,0.000000000000000,0.000000000000000 
