55.938510038403869,-3.224187402825058,123.660667419433594 
0.041131202784762,0.000000000000000,0.000000000000000 
 0.000000000000000,0.077233037212864,0.000000000000000 
 0.000000000000000,0.000000000000000,0.188475518410990 
-0.02727,-0.00028,-0.92578,0.37708 
-0.03190,-0.01029,0.00411 
-0.23379,-0.03472,0.18518 
0.000000000000000,0.000000000000000,0.000000000000000 
 0.000000000000000,0.000000000000000,0.000000000000000 
 0.000000000000000,0.000000000000000,0.000000000000000 
0.000000000000000,0.000000000000000,0.000000000000000 
 0.000000000000000,0.000000000000000,0.000000000000000 
 0.000000000000000,0.000000000000000,0.000000000000000 
0.000000000000000,0.000000000000000,0.000000000000000 
 0.000000000000000,0.000000000000000,0.000000000000000 
 0.000000000000000,0.000000000000000,0.000000000000000 
