55.938492258401489,-3.224211910760952,123.601104736328125 
0.040997506035637,0.000000000000000,0.000000000000000 
 0.000000000000000,0.077405421982179,0.000000000000000 
 0.000000000000000,0.000000000000000,0.189042020434159 
-0.02428,0.00133,-0.92622,0.37621 
-0.00176,0.03100,0.00534 
-0.21008,0.08603,0.06074 
0.000000000000000,0.000000000000000,0.000000000000000 
 0.000000000000000,0.000000000000000,0.000000000000000 
 0.000000000000000,0.000000000000000,0.000000000000000 
0.000000000000000,0.000000000000000,0.000000000000000 
 0.000000000000000,0.000000000000000,0.000000000000000 
 0.000000000000000,0.000000000000000,0.000000000000000 
0.000000000000000,0.000000000000000,0.000000000000000 
 0.000000000000000,0.000000000000000,0.000000000000000 
 0.000000000000000,0.000000000000000,0.000000000000000 
