55.938439402106347,-3.224285165426435,123.489585876464844 
0.040521622069802,0.000000000000000,0.000000000000000 
 0.000000000000000,0.077689285980825,0.000000000000000 
 0.000000000000000,0.000000000000000,0.189177530846160 
-0.02071,0.00214,-0.92657,0.37554 
-0.00416,0.00540,-0.00327 
0.55541,-0.09287,0.19600 
0.000000000000000,0.000000000000000,0.000000000000000 
 0.000000000000000,0.000000000000000,0.000000000000000 
 0.000000000000000,0.000000000000000,0.000000000000000 
0.000000000000000,0.000000000000000,0.000000000000000 
 0.000000000000000,0.000000000000000,0.000000000000000 
 0.000000000000000,0.000000000000000,0.000000000000000 
0.000000000000000,0.000000000000000,0.000000000000000 
 0.000000000000000,0.000000000000000,0.000000000000000 
 0.000000000000000,0.000000000000000,0.000000000000000 
