55.938305856196124,-3.224467149995193,123.439476013183594 
0.040660280065822,0.000000000000000,0.000000000000000 
 0.000000000000000,0.078653682646071,0.000000000000000 
 0.000000000000000,0.000000000000000,0.190865664201355 
-0.02212,0.01166,-0.92764,0.37264 
-0.01807,-0.01323,0.00287 
0.19307,0.18638,0.33431 
0.000000000000000,0.000000000000000,0.000000000000000 
 0.000000000000000,0.000000000000000,0.000000000000000 
 0.000000000000000,0.000000000000000,0.000000000000000 
0.000000000000000,0.000000000000000,0.000000000000000 
 0.000000000000000,0.000000000000000,0.000000000000000 
 0.000000000000000,0.000000000000000,0.000000000000000 
0.000000000000000,0.000000000000000,0.000000000000000 
 0.000000000000000,0.000000000000000,0.000000000000000 
 0.000000000000000,0.000000000000000,0.000000000000000 
