55.938453508007520,-3.224265448400459,123.514205932617188 
0.040699904060602,0.000000000000000,0.000000000000000 
 0.000000000000000,0.077694403017582,0.000000000000000 
 0.000000000000000,0.000000000000000,0.189405607884087 
-0.02120,0.00225,-0.92665,0.37533 
0.00897,0.01939,-0.00562 
0.39506,-0.00795,-0.35422 
0.000000000000000,0.000000000000000,0.000000000000000 
 0.000000000000000,0.000000000000000,0.000000000000000 
 0.000000000000000,0.000000000000000,0.000000000000000 
0.000000000000000,0.000000000000000,0.000000000000000 
 0.000000000000000,0.000000000000000,0.000000000000000 
 0.000000000000000,0.000000000000000,0.000000000000000 
0.000000000000000,0.000000000000000,0.000000000000000 
 0.000000000000000,0.000000000000000,0.000000000000000 
 0.000000000000000,0.000000000000000,0.000000000000000 
