55.938387653234955,-3.224354726452651,123.487159729003906 
0.040005914191449,0.000000000000000,0.000000000000000 
 0.000000000000000,0.077693406179024,0.000000000000000 
 0.000000000000000,0.000000000000000,0.189660765626543 
-0.02167,0.00842,-0.92644,0.37573 
-0.02206,0.00075,0.00087 
0.30337,0.02992,-0.26525 
0.000000000000000,0.000000000000000,0.000000000000000 
 0.000000000000000,0.000000000000000,0.000000000000000 
 0.000000000000000,0.000000000000000,0.000000000000000 
0.000000000000000,0.000000000000000,0.000000000000000 
 0.000000000000000,0.000000000000000,0.000000000000000 
 0.000000000000000,0.000000000000000,0.000000000000000 
0.000000000000000,0.000000000000000,0.000000000000000 
 0.000000000000000,0.000000000000000,0.000000000000000 
 0.000000000000000,0.000000000000000,0.000000000000000 
