55.938225876683703,-3.224578943381962,123.505187988281250 
0.041598089652127,0.000000000000000,0.000000000000000 
 0.000000000000000,0.079637618612915,0.000000000000000 
 0.000000000000000,0.000000000000000,0.193312038196641 
-0.01811,0.00866,-0.92788,0.37234 
-0.00694,-0.02821,-0.00191 
-0.67496,0.05597,-0.29199 
0.000000000000000,0.000000000000000,0.000000000000000 
 0.000000000000000,0.000000000000000,0.000000000000000 
 0.000000000000000,0.000000000000000,0.000000000000000 
0.000000000000000,0.000000000000000,0.000000000000000 
 0.000000000000000,0.000000000000000,0.000000000000000 
 0.000000000000000,0.000000000000000,0.000000000000000 
0.000000000000000,0.000000000000000,0.000000000000000 
 0.000000000000000,0.000000000000000,0.000000000000000 
 0.000000000000000,0.000000000000000,0.000000000000000 
