55.938127787477860,-3.224718274426270,123.411315917968750 
0.040882391656013,0.000000000000000,0.000000000000000 
 0.000000000000000,0.079415289077645,0.000000000000000 
 0.000000000000000,0.000000000000000,0.192690578842559 
-0.02190,0.01242,-0.90465,0.42541 
-0.00692,-0.03916,0.00731 
-0.51463,0.12698,-0.12890 
0.000000000000000,0.000000000000000,0.000000000000000 
 0.000000000000000,0.000000000000000,0.000000000000000 
 0.000000000000000,0.000000000000000,0.000000000000000 
0.000000000000000,0.000000000000000,0.000000000000000 
 0.000000000000000,0.000000000000000,0.000000000000000 
 0.000000000000000,0.000000000000000,0.000000000000000 
0.000000000000000,0.000000000000000,0.000000000000000 
 0.000000000000000,0.000000000000000,0.000000000000000 
 0.000000000000000,0.000000000000000,0.000000000000000 
