55.937867029751224,-3.225147983045692,123.809196472167969 
0.042337086497263,0.000000000000000,0.000000000000000 
 0.000000000000000,0.078623763350834,0.000000000000000 
 0.000000000000000,0.000000000000000,0.190083880812214 
-0.02155,0.00439,-0.93153,0.36300 
0.00874,-0.01294,0.04337 
-0.32579,0.43648,-0.05617 
0.000000000000000,0.000000000000000,0.000000000000000 
 0.000000000000000,0.000000000000000,0.000000000000000 
 0.000000000000000,0.000000000000000,0.000000000000000 
0.000000000000000,0.000000000000000,0.000000000000000 
 0.000000000000000,0.000000000000000,0.000000000000000 
 0.000000000000000,0.000000000000000,0.000000000000000 
0.000000000000000,0.000000000000000,0.000000000000000 
 0.000000000000000,0.000000000000000,0.000000000000000 
 0.000000000000000,0.000000000000000,0.000000000000000 
