55.937931794717173,-3.225027113349454,123.677452087402344 
0.040607101744147,0.000000000000000,0.000000000000000 
 0.000000000000000,0.078783605032843,0.000000000000000 
 0.000000000000000,0.000000000000000,0.191790165845554 
-0.02391,0.00785,-0.92189,0.38664 
0.00607,0.01538,0.02786 
-0.28298,0.44465,-0.25902 
0.000000000000000,0.000000000000000,0.000000000000000 
 0.000000000000000,0.000000000000000,0.000000000000000 
 0.000000000000000,0.000000000000000,0.000000000000000 
0.000000000000000,0.000000000000000,0.000000000000000 
 0.000000000000000,0.000000000000000,0.000000000000000 
 0.000000000000000,0.000000000000000,0.000000000000000 
0.000000000000000,0.000000000000000,0.000000000000000 
 0.000000000000000,0.000000000000000,0.000000000000000 
 0.000000000000000,0.000000000000000,0.000000000000000 
