55.937764538709807,-3.225353865784804,122.315376281738281 
0.045951921158011,0.000000000000000,0.000000000000000 
 0.000000000000000,0.080728522997621,0.000000000000000 
 0.000000000000000,0.000000000000000,0.191195683754736 
-0.02334,0.01671,-0.94305,0.33142 
0.02213,0.01455,0.00034 
-0.51677,0.19896,-0.09839 
0.000000000000000,0.000000000000000,0.000000000000000 
 0.000000000000000,0.000000000000000,0.000000000000000 
 0.000000000000000,0.000000000000000,0.000000000000000 
0.000000000000000,0.000000000000000,0.000000000000000 
 0.000000000000000,0.000000000000000,0.000000000000000 
 0.000000000000000,0.000000000000000,0.000000000000000 
0.000000000000000,0.000000000000000,0.000000000000000 
 0.000000000000000,0.000000000000000,0.000000000000000 
 0.000000000000000,0.000000000000000,0.000000000000000 
