55.937824636279977,-3.225228234297234,123.034324645996094 
0.043990560468220,0.000000000000000,0.000000000000000 
 0.000000000000000,0.079545132658908,0.000000000000000 
 0.000000000000000,0.000000000000000,0.190790181179423 
-0.02379,0.00858,-0.93853,0.34428 
0.01144,0.02834,0.03184 
-0.51909,0.91095,-1.58866 
0.000000000000000,0.000000000000000,0.000000000000000 
 0.000000000000000,0.000000000000000,0.000000000000000 
 0.000000000000000,0.000000000000000,0.000000000000000 
0.000000000000000,0.000000000000000,0.000000000000000 
 0.000000000000000,0.000000000000000,0.000000000000000 
 0.000000000000000,0.000000000000000,0.000000000000000 
0.000000000000000,0.000000000000000,0.000000000000000 
 0.000000000000000,0.000000000000000,0.000000000000000 
 0.000000000000000,0.000000000000000,0.000000000000000 
