55.937688743023855,-3.225515015862037,122.184555053710938 
0.047551035183935,0.000000000000000,0.000000000000000 
 0.000000000000000,0.083739947300367,0.000000000000000 
 0.000000000000000,0.000000000000000,0.194954758094647 
-0.02208,0.01187,-0.94218,0.33417 
-0.01597,0.00058,0.00482 
-0.59101,-0.05288,0.10233 
0.000000000000000,0.000000000000000,0.000000000000000 
 0.000000000000000,0.000000000000000,0.000000000000000 
 0.000000000000000,0.000000000000000,0.000000000000000 
0.000000000000000,0.000000000000000,0.000000000000000 
 0.000000000000000,0.000000000000000,0.000000000000000 
 0.000000000000000,0.000000000000000,0.000000000000000 
0.000000000000000,0.000000000000000,0.000000000000000 
 0.000000000000000,0.000000000000000,0.000000000000000 
 0.000000000000000,0.000000000000000,0.000000000000000 
