55.937658460404343,-3.225575922761334,121.860763549804688 
0.047045625503556,0.000000000000000,0.000000000000000 
 0.000000000000000,0.084808989684021,0.000000000000000 
 0.000000000000000,0.000000000000000,0.197074612308427 
-0.02127,0.01208,-0.94389,0.32935 
0.04254,-0.04452,0.00604 
-0.36966,0.42399,-0.45593 
0.000000000000000,0.000000000000000,0.000000000000000 
 0.000000000000000,0.000000000000000,0.000000000000000 
 0.000000000000000,0.000000000000000,0.000000000000000 
0.000000000000000,0.000000000000000,0.000000000000000 
 0.000000000000000,0.000000000000000,0.000000000000000 
 0.000000000000000,0.000000000000000,0.000000000000000 
0.000000000000000,0.000000000000000,0.000000000000000 
 0.000000000000000,0.000000000000000,0.000000000000000 
 0.000000000000000,0.000000000000000,0.000000000000000 
