55.937651055348489,-3.225591912280170,121.891601562500000 
0.046970012721330,0.000000000000000,0.000000000000000 
 0.000000000000000,0.085229052726451,0.000000000000000 
 0.000000000000000,0.000000000000000,0.196441000324733 
-0.02014,0.00820,-0.94469,0.32723 
0.00379,-0.01677,0.00729 
-0.31646,0.12683,-0.89735 
0.000000000000000,0.000000000000000,0.000000000000000 
 0.000000000000000,0.000000000000000,0.000000000000000 
 0.000000000000000,0.000000000000000,0.000000000000000 
0.000000000000000,0.000000000000000,0.000000000000000 
 0.000000000000000,0.000000000000000,0.000000000000000 
 0.000000000000000,0.000000000000000,0.000000000000000 
0.000000000000000,0.000000000000000,0.000000000000000 
 0.000000000000000,0.000000000000000,0.000000000000000 
 0.000000000000000,0.000000000000000,0.000000000000000 
