55.937666396505655,-3.225559756524299,121.893066406250000 
0.047117475806474,0.000000000000000,0.000000000000000 
 0.000000000000000,0.084370849559580,0.000000000000000 
 0.000000000000000,0.000000000000000,0.196360487209923 
-0.02113,0.01032,-0.94313,0.33159 
-0.01281,-0.00478,0.01466 
-0.49143,-0.02757,0.39612 
0.000000000000000,0.000000000000000,0.000000000000000 
 0.000000000000000,0.000000000000000,0.000000000000000 
 0.000000000000000,0.000000000000000,0.000000000000000 
0.000000000000000,0.000000000000000,0.000000000000000 
 0.000000000000000,0.000000000000000,0.000000000000000 
 0.000000000000000,0.000000000000000,0.000000000000000 
0.000000000000000,0.000000000000000,0.000000000000000 
 0.000000000000000,0.000000000000000,0.000000000000000 
 0.000000000000000,0.000000000000000,0.000000000000000 
