55.937678345219226,-3.225536710961499,122.150550842285156 
0.047343782287676,0.000000000000000,0.000000000000000 
 0.000000000000000,0.084100945856846,0.000000000000000 
 0.000000000000000,0.000000000000000,0.196023979604761 
-0.02301,0.01247,-0.94242,0.33341 
0.04215,0.02202,0.00548 
-0.72983,0.41351,0.16366 
0.000000000000000,0.000000000000000,0.000000000000000 
 0.000000000000000,0.000000000000000,0.000000000000000 
 0.000000000000000,0.000000000000000,0.000000000000000 
0.000000000000000,0.000000000000000,0.000000000000000 
 0.000000000000000,0.000000000000000,0.000000000000000 
 0.000000000000000,0.000000000000000,0.000000000000000 
0.000000000000000,0.000000000000000,0.000000000000000 
 0.000000000000000,0.000000000000000,0.000000000000000 
 0.000000000000000,0.000000000000000,0.000000000000000 
