55.939142520761941,-3.226787945943194,115.369102478027344 
0.092563258023973,0.000000000000000,0.000000000000000 
 0.000000000000000,0.189021936469601,0.000000000000000 
 0.000000000000000,0.000000000000000,0.228620962721693 
-0.02428,-0.00503,0.01184,0.99962 
0.00916,-0.00152,0.08163 
-0.21057,0.00751,-0.03918 
0.000000000000000,0.000000000000000,0.000000000000000 
 0.000000000000000,0.000000000000000,0.000000000000000 
 0.000000000000000,0.000000000000000,0.000000000000000 
0.000000000000000,0.000000000000000,0.000000000000000 
 0.000000000000000,0.000000000000000,0.000000000000000 
 0.000000000000000,0.000000000000000,0.000000000000000 
0.000000000000000,0.000000000000000,0.000000000000000 
 0.000000000000000,0.000000000000000,0.000000000000000 
 0.000000000000000,0.000000000000000,0.000000000000000 
