55.939141478519076,-3.226785275267094,115.403861999511719 
0.092308176403955,0.000000000000000,0.000000000000000 
 0.000000000000000,0.191676007567332,0.000000000000000 
 0.000000000000000,0.000000000000000,0.229742938532085 
-0.02281,-0.00630,-0.00096,0.99972 
-0.00418,0.00261,-0.01089 
-0.10454,0.03224,-0.03430 
0.000000000000000,0.000000000000000,0.000000000000000 
 0.000000000000000,0.000000000000000,0.000000000000000 
 0.000000000000000,0.000000000000000,0.000000000000000 
0.000000000000000,0.000000000000000,0.000000000000000 
 0.000000000000000,0.000000000000000,0.000000000000000 
 0.000000000000000,0.000000000000000,0.000000000000000 
0.000000000000000,0.000000000000000,0.000000000000000 
 0.000000000000000,0.000000000000000,0.000000000000000 
 0.000000000000000,0.000000000000000,0.000000000000000 
