55.939139512506237,-3.226781847125767,115.574493408203125 
0.091169541749437,0.000000000000000,0.000000000000000 
 0.000000000000000,0.203622112751475,0.000000000000000 
 0.000000000000000,0.000000000000000,0.234790174715905 
-0.02316,-0.00602,0.00266,0.99971 
-0.00051,-0.00063,0.00112 
0.01951,-0.01599,-0.02286 
0.000000000000000,0.000000000000000,0.000000000000000 
 0.000000000000000,0.000000000000000,0.000000000000000 
 0.000000000000000,0.000000000000000,0.000000000000000 
0.000000000000000,0.000000000000000,0.000000000000000 
 0.000000000000000,0.000000000000000,0.000000000000000 
 0.000000000000000,0.000000000000000,0.000000000000000 
0.000000000000000,0.000000000000000,0.000000000000000 
 0.000000000000000,0.000000000000000,0.000000000000000 
 0.000000000000000,0.000000000000000,0.000000000000000 
