55.939138519075946,-3.226780185153340,115.652236938476562 
0.089913321155920,0.000000000000000,0.000000000000000 
 0.000000000000000,0.208399808655614,0.000000000000000 
 0.000000000000000,0.000000000000000,0.235207669243565 
-0.02293,-0.00588,0.00202,0.99972 
-0.00086,0.00088,0.00003 
-0.01444,-0.01499,0.00671 
0.000000000000000,0.000000000000000,0.000000000000000 
 0.000000000000000,0.000000000000000,0.000000000000000 
 0.000000000000000,0.000000000000000,0.000000000000000 
0.000000000000000,0.000000000000000,0.000000000000000 
 0.000000000000000,0.000000000000000,0.000000000000000 
 0.000000000000000,0.000000000000000,0.000000000000000 
0.000000000000000,0.000000000000000,0.000000000000000 
 0.000000000000000,0.000000000000000,0.000000000000000 
 0.000000000000000,0.000000000000000,0.000000000000000 
