55.939138092530094,-3.226779409929101,115.699363708496094 
0.089418748388362,0.000000000000000,0.000000000000000 
 0.000000000000000,0.210217164919372,0.000000000000000 
 0.000000000000000,0.000000000000000,0.235665724075890 
-0.02282,-0.00599,0.00180,0.99972 
0.00032,0.00200,0.00096 
0.00058,-0.00328,-0.00101 
0.000000000000000,0.000000000000000,0.000000000000000 
 0.000000000000000,0.000000000000000,0.000000000000000 
 0.000000000000000,0.000000000000000,0.000000000000000 
0.000000000000000,0.000000000000000,0.000000000000000 
 0.000000000000000,0.000000000000000,0.000000000000000 
 0.000000000000000,0.000000000000000,0.000000000000000 
0.000000000000000,0.000000000000000,0.000000000000000 
 0.000000000000000,0.000000000000000,0.000000000000000 
 0.000000000000000,0.000000000000000,0.000000000000000 
