55.939135705356620,-3.226777018201014,115.950668334960938 
0.087434497214610,0.000000000000000,0.000000000000000 
 0.000000000000000,0.218069272295303,0.000000000000000 
 0.000000000000000,0.000000000000000,0.237292110291777 
-0.02247,-0.00561,0.00103,0.99973 
-0.00033,-0.00039,0.00102 
0.00283,0.00662,0.00372 
0.000000000000000,0.000000000000000,0.000000000000000 
 0.000000000000000,0.000000000000000,0.000000000000000 
 0.000000000000000,0.000000000000000,0.000000000000000 
0.000000000000000,0.000000000000000,0.000000000000000 
 0.000000000000000,0.000000000000000,0.000000000000000 
 0.000000000000000,0.000000000000000,0.000000000000000 
0.000000000000000,0.000000000000000,0.000000000000000 
 0.000000000000000,0.000000000000000,0.000000000000000 
 0.000000000000000,0.000000000000000,0.000000000000000 
