55.939135996548586,-3.226777049673220,115.926330566406250 
0.087478088507410,0.000000000000000,0.000000000000000 
 0.000000000000000,0.217859870910249,0.000000000000000 
 0.000000000000000,0.000000000000000,0.237460426959069 
-0.02246,-0.00569,0.00107,0.99973 
0.00042,0.00035,0.00114 
0.00126,0.00166,-0.02359 
0.000000000000000,0.000000000000000,0.000000000000000 
 0.000000000000000,0.000000000000000,0.000000000000000 
 0.000000000000000,0.000000000000000,0.000000000000000 
0.000000000000000,0.000000000000000,0.000000000000000 
 0.000000000000000,0.000000000000000,0.000000000000000 
 0.000000000000000,0.000000000000000,0.000000000000000 
0.000000000000000,0.000000000000000,0.000000000000000 
 0.000000000000000,0.000000000000000,0.000000000000000 
 0.000000000000000,0.000000000000000,0.000000000000000 
