55.939135134928009,-3.226776181161788,116.024375915527344 
0.087041415905170,0.000000000000000,0.000000000000000 
 0.000000000000000,0.219815754999274,0.000000000000000 
 0.000000000000000,0.000000000000000,0.236627703673609 
-0.02224,-0.00568,0.00136,0.99974 
0.00035,0.00055,0.00051 
-0.00447,-0.00769,-0.00979 
0.000000000000000,0.000000000000000,0.000000000000000 
 0.000000000000000,0.000000000000000,0.000000000000000 
 0.000000000000000,0.000000000000000,0.000000000000000 
0.000000000000000,0.000000000000000,0.000000000000000 
 0.000000000000000,0.000000000000000,0.000000000000000 
 0.000000000000000,0.000000000000000,0.000000000000000 
0.000000000000000,0.000000000000000,0.000000000000000 
 0.000000000000000,0.000000000000000,0.000000000000000 
 0.000000000000000,0.000000000000000,0.000000000000000 
