55.939132734891032,-3.226774612311454,116.319282531738281 
0.086129203636176,0.000000000000000,0.000000000000000 
 0.000000000000000,0.224259163418594,0.000000000000000 
 0.000000000000000,0.000000000000000,0.236963838112310 
-0.02210,-0.00573,0.00092,0.99974 
0.00068,0.00012,-0.00005 
0.00921,0.00829,-0.00533 
0.000000000000000,0.000000000000000,0.000000000000000 
 0.000000000000000,0.000000000000000,0.000000000000000 
 0.000000000000000,0.000000000000000,0.000000000000000 
0.000000000000000,0.000000000000000,0.000000000000000 
 0.000000000000000,0.000000000000000,0.000000000000000 
 0.000000000000000,0.000000000000000,0.000000000000000 
0.000000000000000,0.000000000000000,0.000000000000000 
 0.000000000000000,0.000000000000000,0.000000000000000 
 0.000000000000000,0.000000000000000,0.000000000000000 
