55.939131944884728,-3.226774139926901,116.372200012207031 
0.085801913021214,0.000000000000000,0.000000000000000 
 0.000000000000000,0.226083601757154,0.000000000000000 
 0.000000000000000,0.000000000000000,0.237911278441061 
-0.02210,-0.00571,0.00135,0.99974 
-0.00109,-0.00002,0.00016 
0.00476,0.00077,-0.02170 
0.000000000000000,0.000000000000000,0.000000000000000 
 0.000000000000000,0.000000000000000,0.000000000000000 
 0.000000000000000,0.000000000000000,0.000000000000000 
0.000000000000000,0.000000000000000,0.000000000000000 
 0.000000000000000,0.000000000000000,0.000000000000000 
 0.000000000000000,0.000000000000000,0.000000000000000 
0.000000000000000,0.000000000000000,0.000000000000000 
 0.000000000000000,0.000000000000000,0.000000000000000 
 0.000000000000000,0.000000000000000,0.000000000000000 
