55.939131410598272,-3.226773726196946,116.453964233398438 
0.085617362059565,0.000000000000000,0.000000000000000 
 0.000000000000000,0.227103266479824,0.000000000000000 
 0.000000000000000,0.000000000000000,0.237744952668923 
-0.02211,-0.00571,0.00150,0.99974 
-0.00047,-0.00022,0.00037 
0.01157,0.03934,0.02329 
0.000000000000000,0.000000000000000,0.000000000000000 
 0.000000000000000,0.000000000000000,0.000000000000000 
 0.000000000000000,0.000000000000000,0.000000000000000 
0.000000000000000,0.000000000000000,0.000000000000000 
 0.000000000000000,0.000000000000000,0.000000000000000 
 0.000000000000000,0.000000000000000,0.000000000000000 
0.000000000000000,0.000000000000000,0.000000000000000 
 0.000000000000000,0.000000000000000,0.000000000000000 
 0.000000000000000,0.000000000000000,0.000000000000000 
