55.939130136740197,-3.226772841069574,116.574150085449219 
0.085126678666115,0.000000000000000,0.000000000000000 
 0.000000000000000,0.230337509196986,0.000000000000000 
 0.000000000000000,0.000000000000000,0.238937811893934 
-0.02194,-0.00549,0.00173,0.99974 
-0.00127,-0.00047,0.00183 
0.07116,0.01208,-0.00437 
0.000000000000000,0.000000000000000,0.000000000000000 
 0.000000000000000,0.000000000000000,0.000000000000000 
 0.000000000000000,0.000000000000000,0.000000000000000 
0.000000000000000,0.000000000000000,0.000000000000000 
 0.000000000000000,0.000000000000000,0.000000000000000 
 0.000000000000000,0.000000000000000,0.000000000000000 
0.000000000000000,0.000000000000000,0.000000000000000 
 0.000000000000000,0.000000000000000,0.000000000000000 
 0.000000000000000,0.000000000000000,0.000000000000000 
