55.939130474270598,-3.226773138271161,116.548400878906250 
0.085171360812897,0.000000000000000,0.000000000000000 
 0.000000000000000,0.230069631452579,0.000000000000000 
 0.000000000000000,0.000000000000000,0.238327609206724 
-0.02194,-0.00547,0.00179,0.99974 
0.00118,0.00096,-0.00045 
-0.06162,0.03408,0.00433 
0.000000000000000,0.000000000000000,0.000000000000000 
 0.000000000000000,0.000000000000000,0.000000000000000 
 0.000000000000000,0.000000000000000,0.000000000000000 
0.000000000000000,0.000000000000000,0.000000000000000 
 0.000000000000000,0.000000000000000,0.000000000000000 
 0.000000000000000,0.000000000000000,0.000000000000000 
0.000000000000000,0.000000000000000,0.000000000000000 
 0.000000000000000,0.000000000000000,0.000000000000000 
 0.000000000000000,0.000000000000000,0.000000000000000 
