55.939126282209465,-3.226769177641668,116.945823669433594 
0.084322154671704,0.000000000000000,0.000000000000000 
 0.000000000000000,0.236712490653336,0.000000000000000 
 0.000000000000000,0.000000000000000,0.238268368795364 
-0.02162,-0.00364,-0.01504,0.99965 
0.00514,0.00012,0.09382 
0.48321,0.09575,0.00960 
0.000000000000000,0.000000000000000,0.000000000000000 
 0.000000000000000,0.000000000000000,0.000000000000000 
 0.000000000000000,0.000000000000000,0.000000000000000 
0.000000000000000,0.000000000000000,0.000000000000000 
 0.000000000000000,0.000000000000000,0.000000000000000 
 0.000000000000000,0.000000000000000,0.000000000000000 
0.000000000000000,0.000000000000000,0.000000000000000 
 0.000000000000000,0.000000000000000,0.000000000000000 
 0.000000000000000,0.000000000000000,0.000000000000000 
