55.939122018981593,-3.226758505371447,117.156219482421875 
0.085650694259315,0.000000000000000,0.000000000000000 
 0.000000000000000,0.240920061247497,0.000000000000000 
 0.000000000000000,0.000000000000000,0.239357489011774 
-0.01803,-0.00344,-0.08427,0.99627 
0.00273,0.00037,0.00577 
-0.60692,-0.09404,-0.01065 
0.000000000000000,0.000000000000000,0.000000000000000 
 0.000000000000000,0.000000000000000,0.000000000000000 
 0.000000000000000,0.000000000000000,0.000000000000000 
0.000000000000000,0.000000000000000,0.000000000000000 
 0.000000000000000,0.000000000000000,0.000000000000000 
 0.000000000000000,0.000000000000000,0.000000000000000 
0.000000000000000,0.000000000000000,0.000000000000000 
 0.000000000000000,0.000000000000000,0.000000000000000 
 0.000000000000000,0.000000000000000,0.000000000000000 
