55.939122632910163,-3.226759354173254,117.074050903320312 
0.085368752863176,0.000000000000000,0.000000000000000 
 0.000000000000000,0.239914468523782,0.000000000000000 
 0.000000000000000,0.000000000000000,0.239974467978080 
-0.01833,-0.00325,-0.07910,0.99669 
-0.00146,-0.00174,0.04921 
-0.41506,-0.05949,0.00880 
0.000000000000000,0.000000000000000,0.000000000000000 
 0.000000000000000,0.000000000000000,0.000000000000000 
 0.000000000000000,0.000000000000000,0.000000000000000 
0.000000000000000,0.000000000000000,0.000000000000000 
 0.000000000000000,0.000000000000000,0.000000000000000 
 0.000000000000000,0.000000000000000,0.000000000000000 
0.000000000000000,0.000000000000000,0.000000000000000 
 0.000000000000000,0.000000000000000,0.000000000000000 
 0.000000000000000,0.000000000000000,0.000000000000000 
