55.939122672089781,-3.226759554383525,117.072792053222656 
0.085355831240862,0.000000000000000,0.000000000000000 
 0.000000000000000,0.239801701533282,0.000000000000000 
 0.000000000000000,0.000000000000000,0.239169757637914 
-0.01828,-0.00327,-0.07789,0.99679 
-0.00202,-0.00174,0.05545 
-0.41484,-0.06500,-0.02509 
0.000000000000000,0.000000000000000,0.000000000000000 
 0.000000000000000,0.000000000000000,0.000000000000000 
 0.000000000000000,0.000000000000000,0.000000000000000 
0.000000000000000,0.000000000000000,0.000000000000000 
 0.000000000000000,0.000000000000000,0.000000000000000 
 0.000000000000000,0.000000000000000,0.000000000000000 
0.000000000000000,0.000000000000000,0.000000000000000 
 0.000000000000000,0.000000000000000,0.000000000000000 
 0.000000000000000,0.000000000000000,0.000000000000000 
