55.939120983158503,-3.226758333999973,117.284118652343750 
0.085143826597339,0.000000000000000,0.000000000000000 
 0.000000000000000,0.241858456047428,0.000000000000000 
 0.000000000000000,0.000000000000000,0.239358859584527 
-0.01857,-0.00247,-0.08443,0.99625 
-0.00363,-0.00126,0.00244 
-0.03549,-0.05950,0.01209 
0.000000000000000,0.000000000000000,0.000000000000000 
 0.000000000000000,0.000000000000000,0.000000000000000 
 0.000000000000000,0.000000000000000,0.000000000000000 
0.000000000000000,0.000000000000000,0.000000000000000 
 0.000000000000000,0.000000000000000,0.000000000000000 
 0.000000000000000,0.000000000000000,0.000000000000000 
0.000000000000000,0.000000000000000,0.000000000000000 
 0.000000000000000,0.000000000000000,0.000000000000000 
 0.000000000000000,0.000000000000000,0.000000000000000 
