55.939122183560578,-3.226758514044264,117.119155883789062 
0.085562363292699,0.000000000000000,0.000000000000000 
 0.000000000000000,0.240661945244903,0.000000000000000 
 0.000000000000000,0.000000000000000,0.239497716019494 
-0.01815,-0.00343,-0.08379,0.99631 
0.00148,-0.00210,0.01926 
-0.53276,-0.08251,0.02148 
0.000000000000000,0.000000000000000,0.000000000000000 
 0.000000000000000,0.000000000000000,0.000000000000000 
 0.000000000000000,0.000000000000000,0.000000000000000 
0.000000000000000,0.000000000000000,0.000000000000000 
 0.000000000000000,0.000000000000000,0.000000000000000 
 0.000000000000000,0.000000000000000,0.000000000000000 
0.000000000000000,0.000000000000000,0.000000000000000 
 0.000000000000000,0.000000000000000,0.000000000000000 
 0.000000000000000,0.000000000000000,0.000000000000000 
