55.939119361619476,-3.226757819358388,117.472595214843750 
0.082710680531783,0.000000000000000,0.000000000000000 
 0.000000000000000,0.242522147399896,0.000000000000000 
 0.000000000000000,0.000000000000000,0.239163315610257 
-0.01897,-0.00201,-0.08270,0.99639 
-0.01559,0.01270,0.00861 
0.54445,-0.10470,0.06661 
0.000000000000000,0.000000000000000,0.000000000000000 
 0.000000000000000,0.000000000000000,0.000000000000000 
 0.000000000000000,0.000000000000000,0.000000000000000 
0.000000000000000,0.000000000000000,0.000000000000000 
 0.000000000000000,0.000000000000000,0.000000000000000 
 0.000000000000000,0.000000000000000,0.000000000000000 
0.000000000000000,0.000000000000000,0.000000000000000 
 0.000000000000000,0.000000000000000,0.000000000000000 
 0.000000000000000,0.000000000000000,0.000000000000000 
