55.939115377840508,-3.226749021739821,117.518424987792969 
0.081500663922122,0.000000000000000,0.000000000000000 
 0.000000000000000,0.242518448907791,0.000000000000000 
 0.000000000000000,0.000000000000000,0.237419939549889 
-0.01390,-0.00094,-0.13907,0.99018 
0.00674,-0.01642,0.08738 
-0.53732,-0.05980,-0.10805 
0.000000000000000,0.000000000000000,0.000000000000000 
 0.000000000000000,0.000000000000000,0.000000000000000 
 0.000000000000000,0.000000000000000,0.000000000000000 
0.000000000000000,0.000000000000000,0.000000000000000 
 0.000000000000000,0.000000000000000,0.000000000000000 
 0.000000000000000,0.000000000000000,0.000000000000000 
0.000000000000000,0.000000000000000,0.000000000000000 
 0.000000000000000,0.000000000000000,0.000000000000000 
 0.000000000000000,0.000000000000000,0.000000000000000 
