55.939116679868569,-3.226752337561885,117.622558593750000 
0.081702685286146,0.000000000000000,0.000000000000000 
 0.000000000000000,0.243158266747309,0.000000000000000 
 0.000000000000000,0.000000000000000,0.238384587039263 
-0.01811,-0.00006,-0.11638,0.99304 
0.01982,-0.00051,0.11493 
0.48091,0.06669,-0.07367 
0.000000000000000,0.000000000000000,0.000000000000000 
 0.000000000000000,0.000000000000000,0.000000000000000 
 0.000000000000000,0.000000000000000,0.000000000000000 
0.000000000000000,0.000000000000000,0.000000000000000 
 0.000000000000000,0.000000000000000,0.000000000000000 
 0.000000000000000,0.000000000000000,0.000000000000000 
0.000000000000000,0.000000000000000,0.000000000000000 
 0.000000000000000,0.000000000000000,0.000000000000000 
 0.000000000000000,0.000000000000000,0.000000000000000 
