55.939117343144325,-3.226739374786812,117.551109313964844 
0.078149227818977,0.000000000000000,0.000000000000000 
 0.000000000000000,0.193369644445070,0.000000000000000 
 0.000000000000000,0.000000000000000,0.216182100838552 
-0.01204,-0.00326,-0.16542,0.98614 
0.00125,0.00125,0.00123 
0.01291,-0.01819,0.01989 
0.000000000000000,0.000000000000000,0.000000000000000 
 0.000000000000000,0.000000000000000,0.000000000000000 
 0.000000000000000,0.000000000000000,0.000000000000000 
0.000000000000000,0.000000000000000,0.000000000000000 
 0.000000000000000,0.000000000000000,0.000000000000000 
 0.000000000000000,0.000000000000000,0.000000000000000 
0.000000000000000,0.000000000000000,0.000000000000000 
 0.000000000000000,0.000000000000000,0.000000000000000 
 0.000000000000000,0.000000000000000,0.000000000000000 
