55.939114584533968,-3.226738601181055,117.612220764160156 
0.079530239037809,0.000000000000000,0.000000000000000 
 0.000000000000000,0.210432540512784,0.000000000000000 
 0.000000000000000,0.000000000000000,0.222880144873266 
-0.01266,-0.00417,-0.16582,0.98607 
0.00015,0.00061,0.00068 
0.03988,-0.00898,-0.06721 
0.000000000000000,0.000000000000000,0.000000000000000 
 0.000000000000000,0.000000000000000,0.000000000000000 
 0.000000000000000,0.000000000000000,0.000000000000000 
0.000000000000000,0.000000000000000,0.000000000000000 
 0.000000000000000,0.000000000000000,0.000000000000000 
 0.000000000000000,0.000000000000000,0.000000000000000 
0.000000000000000,0.000000000000000,0.000000000000000 
 0.000000000000000,0.000000000000000,0.000000000000000 
 0.000000000000000,0.000000000000000,0.000000000000000 
