55.939115676226287,-3.226738961250952,117.593521118164062 
0.079100405801591,0.000000000000000,0.000000000000000 
 0.000000000000000,0.203611972971829,0.000000000000000 
 0.000000000000000,0.000000000000000,0.220518750418307 
-0.01238,-0.00357,-0.16541,0.98614 
0.00064,-0.00081,0.00107 
0.04697,-0.00986,-0.03235 
0.000000000000000,0.000000000000000,0.000000000000000 
 0.000000000000000,0.000000000000000,0.000000000000000 
 0.000000000000000,0.000000000000000,0.000000000000000 
0.000000000000000,0.000000000000000,0.000000000000000 
 0.000000000000000,0.000000000000000,0.000000000000000 
 0.000000000000000,0.000000000000000,0.000000000000000 
0.000000000000000,0.000000000000000,0.000000000000000 
 0.000000000000000,0.000000000000000,0.000000000000000 
 0.000000000000000,0.000000000000000,0.000000000000000 
