55.939118874541272,-3.226738949579806,117.556190490722656 
0.077941949552263,0.000000000000000,0.000000000000000 
 0.000000000000000,0.179129832224362,0.000000000000000 
 0.000000000000000,0.000000000000000,0.212839554650234 
-0.01160,-0.00322,-0.16570,0.98610 
0.00068,-0.00064,0.00038 
-0.01522,-0.01737,0.00749 
0.000000000000000,0.000000000000000,0.000000000000000 
 0.000000000000000,0.000000000000000,0.000000000000000 
 0.000000000000000,0.000000000000000,0.000000000000000 
0.000000000000000,0.000000000000000,0.000000000000000 
 0.000000000000000,0.000000000000000,0.000000000000000 
 0.000000000000000,0.000000000000000,0.000000000000000 
0.000000000000000,0.000000000000000,0.000000000000000 
 0.000000000000000,0.000000000000000,0.000000000000000 
 0.000000000000000,0.000000000000000,0.000000000000000 
