55.939118873711664,-3.226739000107762,117.545669555664062 
0.077867201824805,0.000000000000000,0.000000000000000 
 0.000000000000000,0.179321532322896,0.000000000000000 
 0.000000000000000,0.000000000000000,0.212155918611324 
-0.01162,-0.00320,-0.16569,0.98610 
0.00052,-0.00131,0.00104 
0.02133,0.00075,-0.03091 
0.000000000000000,0.000000000000000,0.000000000000000 
 0.000000000000000,0.000000000000000,0.000000000000000 
 0.000000000000000,0.000000000000000,0.000000000000000 
0.000000000000000,0.000000000000000,0.000000000000000 
 0.000000000000000,0.000000000000000,0.000000000000000 
 0.000000000000000,0.000000000000000,0.000000000000000 
0.000000000000000,0.000000000000000,0.000000000000000 
 0.000000000000000,0.000000000000000,0.000000000000000 
 0.000000000000000,0.000000000000000,0.000000000000000 
