55.939119111635932,-3.226738054150661,117.595375061035156 
0.079165026231252,0.000000000000000,0.000000000000000 
 0.000000000000000,0.173038873852080,0.000000000000000 
 0.000000000000000,0.000000000000000,0.211723379853485 
-0.01138,-0.00333,-0.16521,0.98619 
0.00155,-0.00023,-0.00019 
-0.01156,0.00843,0.04726 
0.000000000000000,0.000000000000000,0.000000000000000 
 0.000000000000000,0.000000000000000,0.000000000000000 
 0.000000000000000,0.000000000000000,0.000000000000000 
0.000000000000000,0.000000000000000,0.000000000000000 
 0.000000000000000,0.000000000000000,0.000000000000000 
 0.000000000000000,0.000000000000000,0.000000000000000 
0.000000000000000,0.000000000000000,0.000000000000000 
 0.000000000000000,0.000000000000000,0.000000000000000 
 0.000000000000000,0.000000000000000,0.000000000000000 
