55.939120405825783,-3.226737266363966,117.540107727050781 
0.077792855696473,0.000000000000000,0.000000000000000 
 0.000000000000000,0.160480372913018,0.000000000000000 
 0.000000000000000,0.000000000000000,0.206405320710701 
-0.01110,-0.00328,-0.16556,0.98613 
0.00033,0.00022,0.00035 
0.02900,0.00198,-0.04645 
0.000000000000000,0.000000000000000,0.000000000000000 
 0.000000000000000,0.000000000000000,0.000000000000000 
 0.000000000000000,0.000000000000000,0.000000000000000 
0.000000000000000,0.000000000000000,0.000000000000000 
 0.000000000000000,0.000000000000000,0.000000000000000 
 0.000000000000000,0.000000000000000,0.000000000000000 
0.000000000000000,0.000000000000000,0.000000000000000 
 0.000000000000000,0.000000000000000,0.000000000000000 
 0.000000000000000,0.000000000000000,0.000000000000000 
