55.939120619421125,-3.226737233618684,117.521911621093750 
0.077656976118053,0.000000000000000,0.000000000000000 
 0.000000000000000,0.159134717008912,0.000000000000000 
 0.000000000000000,0.000000000000000,0.206924950805147 
-0.01107,-0.00330,-0.16559,0.98613 
0.00008,-0.00116,0.00029 
0.00273,0.01121,0.01336 
0.000000000000000,0.000000000000000,0.000000000000000 
 0.000000000000000,0.000000000000000,0.000000000000000 
 0.000000000000000,0.000000000000000,0.000000000000000 
0.000000000000000,0.000000000000000,0.000000000000000 
 0.000000000000000,0.000000000000000,0.000000000000000 
 0.000000000000000,0.000000000000000,0.000000000000000 
0.000000000000000,0.000000000000000,0.000000000000000 
 0.000000000000000,0.000000000000000,0.000000000000000 
 0.000000000000000,0.000000000000000,0.000000000000000 
