55.939122358998624,-3.226736983745836,117.453361511230469 
0.076319301343464,0.000000000000000,0.000000000000000 
 0.000000000000000,0.147034246464845,0.000000000000000 
 0.000000000000000,0.000000000000000,0.201765650509139 
-0.01096,-0.00340,-0.16455,0.98630 
0.00029,-0.00029,0.00039 
-0.01235,0.00110,0.04737 
0.000000000000000,0.000000000000000,0.000000000000000 
 0.000000000000000,0.000000000000000,0.000000000000000 
 0.000000000000000,0.000000000000000,0.000000000000000 
0.000000000000000,0.000000000000000,0.000000000000000 
 0.000000000000000,0.000000000000000,0.000000000000000 
 0.000000000000000,0.000000000000000,0.000000000000000 
0.000000000000000,0.000000000000000,0.000000000000000 
 0.000000000000000,0.000000000000000,0.000000000000000 
 0.000000000000000,0.000000000000000,0.000000000000000 
