55.939123700350116,-3.226736963198324,117.371505737304688 
0.075455023003678,0.000000000000000,0.000000000000000 
 0.000000000000000,0.138768463546569,0.000000000000000 
 0.000000000000000,0.000000000000000,0.198749071714147 
-0.01070,-0.00335,-0.16424,0.98636 
-0.00028,-0.00152,0.00061 
0.01603,0.00144,-0.04881 
0.000000000000000,0.000000000000000,0.000000000000000 
 0.000000000000000,0.000000000000000,0.000000000000000 
 0.000000000000000,0.000000000000000,0.000000000000000 
0.000000000000000,0.000000000000000,0.000000000000000 
 0.000000000000000,0.000000000000000,0.000000000000000 
 0.000000000000000,0.000000000000000,0.000000000000000 
0.000000000000000,0.000000000000000,0.000000000000000 
 0.000000000000000,0.000000000000000,0.000000000000000 
 0.000000000000000,0.000000000000000,0.000000000000000 
