55.939124685004337,-3.226736901035828,117.295532226562500 
0.075106128948193,0.000000000000000,0.000000000000000 
 0.000000000000000,0.133136606482879,0.000000000000000 
 0.000000000000000,0.000000000000000,0.197096998392997 
-0.01053,-0.00343,-0.16408,0.98639 
0.00017,-0.00118,0.00057 
0.02088,0.01065,-0.04635 
0.000000000000000,0.000000000000000,0.000000000000000 
 0.000000000000000,0.000000000000000,0.000000000000000 
 0.000000000000000,0.000000000000000,0.000000000000000 
0.000000000000000,0.000000000000000,0.000000000000000 
 0.000000000000000,0.000000000000000,0.000000000000000 
 0.000000000000000,0.000000000000000,0.000000000000000 
0.000000000000000,0.000000000000000,0.000000000000000 
 0.000000000000000,0.000000000000000,0.000000000000000 
 0.000000000000000,0.000000000000000,0.000000000000000 
