55.939124683202202,-3.226736820985861,117.313682556152344 
0.075111225538863,0.000000000000000,0.000000000000000 
 0.000000000000000,0.133439713337936,0.000000000000000 
 0.000000000000000,0.000000000000000,0.197317937288660 
-0.01055,-0.00343,-0.16405,0.98639 
0.00068,-0.00086,0.00048 
0.01388,0.00870,-0.04914 
0.000000000000000,0.000000000000000,0.000000000000000 
 0.000000000000000,0.000000000000000,0.000000000000000 
 0.000000000000000,0.000000000000000,0.000000000000000 
0.000000000000000,0.000000000000000,0.000000000000000 
 0.000000000000000,0.000000000000000,0.000000000000000 
 0.000000000000000,0.000000000000000,0.000000000000000 
0.000000000000000,0.000000000000000,0.000000000000000 
 0.000000000000000,0.000000000000000,0.000000000000000 
 0.000000000000000,0.000000000000000,0.000000000000000 
