55.939123645361377,-3.226736915621188,117.367370605468750 
0.075472018974986,0.000000000000000,0.000000000000000 
 0.000000000000000,0.138969413182481,0.000000000000000 
 0.000000000000000,0.000000000000000,0.199549469476040 
-0.01067,-0.00331,-0.16422,0.98636 
0.00057,0.00010,0.00124 
-0.00500,0.02361,0.03732 
0.000000000000000,0.000000000000000,0.000000000000000 
 0.000000000000000,0.000000000000000,0.000000000000000 
 0.000000000000000,0.000000000000000,0.000000000000000 
0.000000000000000,0.000000000000000,0.000000000000000 
 0.000000000000000,0.000000000000000,0.000000000000000 
 0.000000000000000,0.000000000000000,0.000000000000000 
0.000000000000000,0.000000000000000,0.000000000000000 
 0.000000000000000,0.000000000000000,0.000000000000000 
 0.000000000000000,0.000000000000000,0.000000000000000 
