55.939123954635264,-3.226736880353529,117.352012634277344 
0.075403948369449,0.000000000000000,0.000000000000000 
 0.000000000000000,0.137684251042547,0.000000000000000 
 0.000000000000000,0.000000000000000,0.199295166057291 
-0.01068,-0.00335,-0.16391,0.98641 
0.00005,-0.00005,-0.00033 
0.00973,0.01302,0.01044 
0.000000000000000,0.000000000000000,0.000000000000000 
 0.000000000000000,0.000000000000000,0.000000000000000 
 0.000000000000000,0.000000000000000,0.000000000000000 
0.000000000000000,0.000000000000000,0.000000000000000 
 0.000000000000000,0.000000000000000,0.000000000000000 
 0.000000000000000,0.000000000000000,0.000000000000000 
0.000000000000000,0.000000000000000,0.000000000000000 
 0.000000000000000,0.000000000000000,0.000000000000000 
 0.000000000000000,0.000000000000000,0.000000000000000 
