55.939124935893304,-3.226736850784656,117.277664184570312 
0.074981691883952,0.000000000000000,0.000000000000000 
 0.000000000000000,0.131516194830327,0.000000000000000 
 0.000000000000000,0.000000000000000,0.197095834073568 
-0.01058,-0.00344,-0.16381,0.98643 
-0.00081,0.00109,0.00189 
0.00859,-0.00522,0.00492 
0.000000000000000,0.000000000000000,0.000000000000000 
 0.000000000000000,0.000000000000000,0.000000000000000 
 0.000000000000000,0.000000000000000,0.000000000000000 
0.000000000000000,0.000000000000000,0.000000000000000 
 0.000000000000000,0.000000000000000,0.000000000000000 
 0.000000000000000,0.000000000000000,0.000000000000000 
0.000000000000000,0.000000000000000,0.000000000000000 
 0.000000000000000,0.000000000000000,0.000000000000000 
 0.000000000000000,0.000000000000000,0.000000000000000 
