55.939125645067357,-3.226736895495637,117.226982116699219 
0.074891690000531,0.000000000000000,0.000000000000000 
 0.000000000000000,0.128242160704240,0.000000000000000 
 0.000000000000000,0.000000000000000,0.195669040412739 
-0.01056,-0.00342,-0.16324,0.98652 
0.00069,-0.00064,0.00036 
0.00818,0.01255,0.02721 
0.000000000000000,0.000000000000000,0.000000000000000 
 0.000000000000000,0.000000000000000,0.000000000000000 
 0.000000000000000,0.000000000000000,0.000000000000000 
0.000000000000000,0.000000000000000,0.000000000000000 
 0.000000000000000,0.000000000000000,0.000000000000000 
 0.000000000000000,0.000000000000000,0.000000000000000 
0.000000000000000,0.000000000000000,0.000000000000000 
 0.000000000000000,0.000000000000000,0.000000000000000 
 0.000000000000000,0.000000000000000,0.000000000000000 
