55.939126411837876,-3.226736971269491,117.185073852539062 
0.075135616425555,0.000000000000000,0.000000000000000 
 0.000000000000000,0.124625022893966,0.000000000000000 
 0.000000000000000,0.000000000000000,0.195474034741161 
-0.01065,-0.00343,-0.16328,0.98652 
-0.00012,-0.00004,-0.00056 
0.02823,0.01030,-0.03761 
0.000000000000000,0.000000000000000,0.000000000000000 
 0.000000000000000,0.000000000000000,0.000000000000000 
 0.000000000000000,0.000000000000000,0.000000000000000 
0.000000000000000,0.000000000000000,0.000000000000000 
 0.000000000000000,0.000000000000000,0.000000000000000 
 0.000000000000000,0.000000000000000,0.000000000000000 
0.000000000000000,0.000000000000000,0.000000000000000 
 0.000000000000000,0.000000000000000,0.000000000000000 
 0.000000000000000,0.000000000000000,0.000000000000000 
