55.939126985180195,-3.226737135078762,117.136497497558594 
0.075400429440155,0.000000000000000,0.000000000000000 
 0.000000000000000,0.122656466227689,0.000000000000000 
 0.000000000000000,0.000000000000000,0.194741669747177 
-0.01050,-0.00350,-0.16354,0.98647 
0.00061,-0.00051,0.00019 
-0.00680,0.00734,0.04241 
0.000000000000000,0.000000000000000,0.000000000000000 
 0.000000000000000,0.000000000000000,0.000000000000000 
 0.000000000000000,0.000000000000000,0.000000000000000 
0.000000000000000,0.000000000000000,0.000000000000000 
 0.000000000000000,0.000000000000000,0.000000000000000 
 0.000000000000000,0.000000000000000,0.000000000000000 
0.000000000000000,0.000000000000000,0.000000000000000 
 0.000000000000000,0.000000000000000,0.000000000000000 
 0.000000000000000,0.000000000000000,0.000000000000000 
