55.939126420584124,-3.226736963564630,117.178375244140625 
0.075121549931908,0.000000000000000,0.000000000000000 
 0.000000000000000,0.124828853844932,0.000000000000000 
 0.000000000000000,0.000000000000000,0.194425264961012 
-0.01069,-0.00343,-0.16329,0.98651 
-0.00001,-0.00013,0.00108 
0.01246,0.00493,-0.03843 
0.000000000000000,0.000000000000000,0.000000000000000 
 0.000000000000000,0.000000000000000,0.000000000000000 
 0.000000000000000,0.000000000000000,0.000000000000000 
0.000000000000000,0.000000000000000,0.000000000000000 
 0.000000000000000,0.000000000000000,0.000000000000000 
 0.000000000000000,0.000000000000000,0.000000000000000 
0.000000000000000,0.000000000000000,0.000000000000000 
 0.000000000000000,0.000000000000000,0.000000000000000 
 0.000000000000000,0.000000000000000,0.000000000000000 
