55.939126900612216,-3.226737110921528,117.147361755371094 
0.075335892115366,0.000000000000000,0.000000000000000 
 0.000000000000000,0.122973322628471,0.000000000000000 
 0.000000000000000,0.000000000000000,0.195054330456301 
-0.01053,-0.00347,-0.16351,0.98648 
0.00182,-0.00139,0.00074 
0.01403,0.01939,-0.00935 
0.000000000000000,0.000000000000000,0.000000000000000 
 0.000000000000000,0.000000000000000,0.000000000000000 
 0.000000000000000,0.000000000000000,0.000000000000000 
0.000000000000000,0.000000000000000,0.000000000000000 
 0.000000000000000,0.000000000000000,0.000000000000000 
 0.000000000000000,0.000000000000000,0.000000000000000 
0.000000000000000,0.000000000000000,0.000000000000000 
 0.000000000000000,0.000000000000000,0.000000000000000 
 0.000000000000000,0.000000000000000,0.000000000000000 
