55.939127467964973,-3.226737313706412,117.092643737792969 
0.076003014772400,0.000000000000000,0.000000000000000 
 0.000000000000000,0.121402224183528,0.000000000000000 
 0.000000000000000,0.000000000000000,0.194570893844471 
-0.01040,-0.00345,-0.16362,0.98646 
0.00062,-0.00036,0.00055 
0.00838,0.00401,-0.05487 
0.000000000000000,0.000000000000000,0.000000000000000 
 0.000000000000000,0.000000000000000,0.000000000000000 
 0.000000000000000,0.000000000000000,0.000000000000000 
0.000000000000000,0.000000000000000,0.000000000000000 
 0.000000000000000,0.000000000000000,0.000000000000000 
 0.000000000000000,0.000000000000000,0.000000000000000 
0.000000000000000,0.000000000000000,0.000000000000000 
 0.000000000000000,0.000000000000000,0.000000000000000 
 0.000000000000000,0.000000000000000,0.000000000000000 
