55.939128482913013,-3.226737566999136,117.031486511230469 
0.077475451674617,0.000000000000000,0.000000000000000 
 0.000000000000000,0.119646933109735,0.000000000000000 
 0.000000000000000,0.000000000000000,0.195100400814940 
-0.01008,-0.00327,-0.16416,0.98638 
0.00103,0.00118,0.00066 
-0.00162,0.00456,0.01463 
0.000000000000000,0.000000000000000,0.000000000000000 
 0.000000000000000,0.000000000000000,0.000000000000000 
 0.000000000000000,0.000000000000000,0.000000000000000 
0.000000000000000,0.000000000000000,0.000000000000000 
 0.000000000000000,0.000000000000000,0.000000000000000 
 0.000000000000000,0.000000000000000,0.000000000000000 
0.000000000000000,0.000000000000000,0.000000000000000 
 0.000000000000000,0.000000000000000,0.000000000000000 
 0.000000000000000,0.000000000000000,0.000000000000000 
