55.939127930869248,-3.226737494069579,117.071205139160156 
0.076768255993920,0.000000000000000,0.000000000000000 
 0.000000000000000,0.120657717004890,0.000000000000000 
 0.000000000000000,0.000000000000000,0.195427946636247 
-0.01029,-0.00335,-0.16387,0.98642 
0.00023,0.00057,0.00096 
-0.01174,0.02228,-0.03982 
0.000000000000000,0.000000000000000,0.000000000000000 
 0.000000000000000,0.000000000000000,0.000000000000000 
 0.000000000000000,0.000000000000000,0.000000000000000 
0.000000000000000,0.000000000000000,0.000000000000000 
 0.000000000000000,0.000000000000000,0.000000000000000 
 0.000000000000000,0.000000000000000,0.000000000000000 
0.000000000000000,0.000000000000000,0.000000000000000 
 0.000000000000000,0.000000000000000,0.000000000000000 
 0.000000000000000,0.000000000000000,0.000000000000000 
