55.939129901674868,-3.226738084788946,116.922866821289062 
0.076133328573072,0.000000000000000,0.000000000000000 
 0.000000000000000,0.115182544281397,0.000000000000000 
 0.000000000000000,0.000000000000000,0.192218888722127 
-0.00997,-0.00338,-0.16469,0.98629 
0.00032,-0.00174,0.00032 
0.00749,0.00879,-0.02795 
0.000000000000000,0.000000000000000,0.000000000000000 
 0.000000000000000,0.000000000000000,0.000000000000000 
 0.000000000000000,0.000000000000000,0.000000000000000 
0.000000000000000,0.000000000000000,0.000000000000000 
 0.000000000000000,0.000000000000000,0.000000000000000 
 0.000000000000000,0.000000000000000,0.000000000000000 
0.000000000000000,0.000000000000000,0.000000000000000 
 0.000000000000000,0.000000000000000,0.000000000000000 
 0.000000000000000,0.000000000000000,0.000000000000000 
