55.939129725953897,-3.226738027336121,116.949554443359375 
0.076366039993502,0.000000000000000,0.000000000000000 
 0.000000000000000,0.115982811372072,0.000000000000000 
 0.000000000000000,0.000000000000000,0.192722788532592 
-0.00991,-0.00327,-0.16462,0.98630 
0.00101,-0.00035,0.00059 
0.02521,0.02431,-0.05287 
0.000000000000000,0.000000000000000,0.000000000000000 
 0.000000000000000,0.000000000000000,0.000000000000000 
 0.000000000000000,0.000000000000000,0.000000000000000 
0.000000000000000,0.000000000000000,0.000000000000000 
 0.000000000000000,0.000000000000000,0.000000000000000 
 0.000000000000000,0.000000000000000,0.000000000000000 
0.000000000000000,0.000000000000000,0.000000000000000 
 0.000000000000000,0.000000000000000,0.000000000000000 
 0.000000000000000,0.000000000000000,0.000000000000000 
