55.939129245163528,-3.226737801274132,116.966964721679688 
0.076781930782389,0.000000000000000,0.000000000000000 
 0.000000000000000,0.117288878642942,0.000000000000000 
 0.000000000000000,0.000000000000000,0.193723673442592 
-0.00999,-0.00323,-0.16444,0.98633 
0.00003,0.00128,0.00098 
-0.01706,0.01661,0.05205 
0.000000000000000,0.000000000000000,0.000000000000000 
 0.000000000000000,0.000000000000000,0.000000000000000 
 0.000000000000000,0.000000000000000,0.000000000000000 
0.000000000000000,0.000000000000000,0.000000000000000 
 0.000000000000000,0.000000000000000,0.000000000000000 
 0.000000000000000,0.000000000000000,0.000000000000000 
0.000000000000000,0.000000000000000,0.000000000000000 
 0.000000000000000,0.000000000000000,0.000000000000000 
 0.000000000000000,0.000000000000000,0.000000000000000 
