55.939131180610026,-3.226738904383619,116.792236328125000 
0.075159733478358,0.000000000000000,0.000000000000000 
 0.000000000000000,0.111580641670916,0.000000000000000 
 0.000000000000000,0.000000000000000,0.190511005593529 
-0.01039,-0.00388,-0.16387,0.98642 
0.00091,0.00048,-0.00558 
-0.05109,0.02560,0.02868 
0.000000000000000,0.000000000000000,0.000000000000000 
 0.000000000000000,0.000000000000000,0.000000000000000 
 0.000000000000000,0.000000000000000,0.000000000000000 
0.000000000000000,0.000000000000000,0.000000000000000 
 0.000000000000000,0.000000000000000,0.000000000000000 
 0.000000000000000,0.000000000000000,0.000000000000000 
0.000000000000000,0.000000000000000,0.000000000000000 
 0.000000000000000,0.000000000000000,0.000000000000000 
 0.000000000000000,0.000000000000000,0.000000000000000 
