55.939130079775374,-3.226732822913984,116.685462951660156 
0.075627101376349,0.000000000000000,0.000000000000000 
 0.000000000000000,0.110933149974901,0.000000000000000 
 0.000000000000000,0.000000000000000,0.191664369194982 
-0.00753,-0.00089,-0.17720,0.98415 
0.01177,0.00151,0.04157 
1.33732,-0.01231,0.05809 
0.000000000000000,0.000000000000000,0.000000000000000 
 0.000000000000000,0.000000000000000,0.000000000000000 
 0.000000000000000,0.000000000000000,0.000000000000000 
0.000000000000000,0.000000000000000,0.000000000000000 
 0.000000000000000,0.000000000000000,0.000000000000000 
 0.000000000000000,0.000000000000000,0.000000000000000 
0.000000000000000,0.000000000000000,0.000000000000000 
 0.000000000000000,0.000000000000000,0.000000000000000 
 0.000000000000000,0.000000000000000,0.000000000000000 
