55.939126367435712,-3.226707989967013,116.543571472167969 
0.076125270112223,0.000000000000000,0.000000000000000 
 0.000000000000000,0.109677136892120,0.000000000000000 
 0.000000000000000,0.000000000000000,0.192478025789321 
-0.00668,-0.00695,-0.17354,0.98478 
-0.01150,0.00139,-0.06252 
-0.60872,-0.18272,0.04250 
0.000000000000000,0.000000000000000,0.000000000000000 
 0.000000000000000,0.000000000000000,0.000000000000000 
 0.000000000000000,0.000000000000000,0.000000000000000 
0.000000000000000,0.000000000000000,0.000000000000000 
 0.000000000000000,0.000000000000000,0.000000000000000 
 0.000000000000000,0.000000000000000,0.000000000000000 
0.000000000000000,0.000000000000000,0.000000000000000 
 0.000000000000000,0.000000000000000,0.000000000000000 
 0.000000000000000,0.000000000000000,0.000000000000000 
