55.939126769667340,-3.226691102423964,116.465881347656250 
0.076436751558973,0.000000000000000,0.000000000000000 
 0.000000000000000,0.108149203277353,0.000000000000000 
 0.000000000000000,0.000000000000000,0.192596110870088 
-0.00878,-0.00894,-0.13059,0.99136 
0.00484,-0.00509,-0.04120 
-0.86337,0.00916,0.14301 
0.000000000000000,0.000000000000000,0.000000000000000 
 0.000000000000000,0.000000000000000,0.000000000000000 
 0.000000000000000,0.000000000000000,0.000000000000000 
0.000000000000000,0.000000000000000,0.000000000000000 
 0.000000000000000,0.000000000000000,0.000000000000000 
 0.000000000000000,0.000000000000000,0.000000000000000 
0.000000000000000,0.000000000000000,0.000000000000000 
 0.000000000000000,0.000000000000000,0.000000000000000 
 0.000000000000000,0.000000000000000,0.000000000000000 
