55.939127081706140,-3.226691513822730,116.226341247558594 
0.077060530234704,0.000000000000000,0.000000000000000 
 0.000000000000000,0.105825330443325,0.000000000000000 
 0.000000000000000,0.000000000000000,0.194418247761953 
-0.00814,-0.00771,-0.12384,0.99224 
0.00138,-0.00121,0.00022 
-0.01635,0.05704,0.09679 
0.000000000000000,0.000000000000000,0.000000000000000 
 0.000000000000000,0.000000000000000,0.000000000000000 
 0.000000000000000,0.000000000000000,0.000000000000000 
0.000000000000000,0.000000000000000,0.000000000000000 
 0.000000000000000,0.000000000000000,0.000000000000000 
 0.000000000000000,0.000000000000000,0.000000000000000 
0.000000000000000,0.000000000000000,0.000000000000000 
 0.000000000000000,0.000000000000000,0.000000000000000 
 0.000000000000000,0.000000000000000,0.000000000000000 
