55.939126166701904,-3.226697071334000,116.538558959960938 
0.075954777511416,0.000000000000000,0.000000000000000 
 0.000000000000000,0.108996312303024,0.000000000000000 
 0.000000000000000,0.000000000000000,0.192061473674841 
-0.00679,-0.00937,-0.15261,0.98822 
0.00676,-0.00194,-0.08788 
-1.12971,-0.09819,0.04958 
0.000000000000000,0.000000000000000,0.000000000000000 
 0.000000000000000,0.000000000000000,0.000000000000000 
 0.000000000000000,0.000000000000000,0.000000000000000 
0.000000000000000,0.000000000000000,0.000000000000000 
 0.000000000000000,0.000000000000000,0.000000000000000 
 0.000000000000000,0.000000000000000,0.000000000000000 
0.000000000000000,0.000000000000000,0.000000000000000 
 0.000000000000000,0.000000000000000,0.000000000000000 
 0.000000000000000,0.000000000000000,0.000000000000000 
