55.939127201105087,-3.226691895827665,116.197082519531250 
0.077362477703681,0.000000000000000,0.000000000000000 
 0.000000000000000,0.105452481974099,0.000000000000000 
 0.000000000000000,0.000000000000000,0.195007765434206 
-0.00815,-0.00778,-0.12391,0.99223 
0.00081,0.00076,0.00026 
-0.00701,0.04921,0.06512 
0.000000000000000,0.000000000000000,0.000000000000000 
 0.000000000000000,0.000000000000000,0.000000000000000 
 0.000000000000000,0.000000000000000,0.000000000000000 
0.000000000000000,0.000000000000000,0.000000000000000 
 0.000000000000000,0.000000000000000,0.000000000000000 
 0.000000000000000,0.000000000000000,0.000000000000000 
0.000000000000000,0.000000000000000,0.000000000000000 
 0.000000000000000,0.000000000000000,0.000000000000000 
 0.000000000000000,0.000000000000000,0.000000000000000 
