55.939127805687519,-3.226694203711956,115.987159729003906 
0.078756655178375,0.000000000000000,0.000000000000000 
 0.000000000000000,0.103853942131312,0.000000000000000 
 0.000000000000000,0.000000000000000,0.196384417534184 
-0.00836,-0.00783,-0.12428,0.99218 
-0.00027,-0.00101,0.00059 
0.01875,0.03512,-0.04289 
0.000000000000000,0.000000000000000,0.000000000000000 
 0.000000000000000,0.000000000000000,0.000000000000000 
 0.000000000000000,0.000000000000000,0.000000000000000 
0.000000000000000,0.000000000000000,0.000000000000000 
 0.000000000000000,0.000000000000000,0.000000000000000 
 0.000000000000000,0.000000000000000,0.000000000000000 
0.000000000000000,0.000000000000000,0.000000000000000 
 0.000000000000000,0.000000000000000,0.000000000000000 
 0.000000000000000,0.000000000000000,0.000000000000000 
