55.939127129375791,-3.226691953354460,116.192787170410156 
0.077397213563874,0.000000000000000,0.000000000000000 
 0.000000000000000,0.105391617135183,0.000000000000000 
 0.000000000000000,0.000000000000000,0.195606822041698 
-0.00819,-0.00773,-0.12391,0.99223 
-0.00075,0.00078,-0.00002 
-0.01242,0.03608,-0.04021 
0.000000000000000,0.000000000000000,0.000000000000000 
 0.000000000000000,0.000000000000000,0.000000000000000 
 0.000000000000000,0.000000000000000,0.000000000000000 
0.000000000000000,0.000000000000000,0.000000000000000 
 0.000000000000000,0.000000000000000,0.000000000000000 
 0.000000000000000,0.000000000000000,0.000000000000000 
0.000000000000000,0.000000000000000,0.000000000000000 
 0.000000000000000,0.000000000000000,0.000000000000000 
 0.000000000000000,0.000000000000000,0.000000000000000 
