55.939127804119479,-3.226694252624069,115.990234375000000 
0.078799984632853,0.000000000000000,0.000000000000000 
 0.000000000000000,0.103812110410217,0.000000000000000 
 0.000000000000000,0.000000000000000,0.197022674080594 
-0.00837,-0.00780,-0.12430,0.99218 
0.00028,0.00083,0.00073 
-0.01334,0.03275,0.02827 
0.000000000000000,0.000000000000000,0.000000000000000 
 0.000000000000000,0.000000000000000,0.000000000000000 
 0.000000000000000,0.000000000000000,0.000000000000000 
0.000000000000000,0.000000000000000,0.000000000000000 
 0.000000000000000,0.000000000000000,0.000000000000000 
 0.000000000000000,0.000000000000000,0.000000000000000 
0.000000000000000,0.000000000000000,0.000000000000000 
 0.000000000000000,0.000000000000000,0.000000000000000 
 0.000000000000000,0.000000000000000,0.000000000000000 
