55.939129318567147,-3.226688054524173,116.093566894531250 
0.079036649600824,0.000000000000000,0.000000000000000 
 0.000000000000000,0.101085007684802,0.000000000000000 
 0.000000000000000,0.000000000000000,0.197730235354876 
-0.00584,-0.00477,-0.10071,0.99489 
0.00024,0.00602,-0.13039 
1.45701,-0.28418,-0.10806 
0.000000000000000,0.000000000000000,0.000000000000000 
 0.000000000000000,0.000000000000000,0.000000000000000 
 0.000000000000000,0.000000000000000,0.000000000000000 
0.000000000000000,0.000000000000000,0.000000000000000 
 0.000000000000000,0.000000000000000,0.000000000000000 
 0.000000000000000,0.000000000000000,0.000000000000000 
0.000000000000000,0.000000000000000,0.000000000000000 
 0.000000000000000,0.000000000000000,0.000000000000000 
 0.000000000000000,0.000000000000000,0.000000000000000 
