55.939132103380913,-3.226671969189209,116.119911193847656 
0.076457104495575,0.000000000000000,0.000000000000000 
 0.000000000000000,0.100095056095406,0.000000000000000 
 0.000000000000000,0.000000000000000,0.198249955048269 
-0.00139,-0.00488,-0.03220,0.99947 
0.00579,-0.00630,-0.22948 
2.01313,-0.45094,0.01744 
0.000000000000000,0.000000000000000,0.000000000000000 
 0.000000000000000,0.000000000000000,0.000000000000000 
 0.000000000000000,0.000000000000000,0.000000000000000 
0.000000000000000,0.000000000000000,0.000000000000000 
 0.000000000000000,0.000000000000000,0.000000000000000 
 0.000000000000000,0.000000000000000,0.000000000000000 
0.000000000000000,0.000000000000000,0.000000000000000 
 0.000000000000000,0.000000000000000,0.000000000000000 
 0.000000000000000,0.000000000000000,0.000000000000000 
