55.939128323474954,-3.226695029280497,115.915206909179688 
0.079513464371609,0.000000000000000,0.000000000000000 
 0.000000000000000,0.103103887204875,0.000000000000000 
 0.000000000000000,0.000000000000000,0.197254080724144 
-0.00843,-0.00776,-0.12450,0.99215 
0.00046,0.00013,0.00068 
-0.00180,0.02632,0.02278 
0.000000000000000,0.000000000000000,0.000000000000000 
 0.000000000000000,0.000000000000000,0.000000000000000 
 0.000000000000000,0.000000000000000,0.000000000000000 
0.000000000000000,0.000000000000000,0.000000000000000 
 0.000000000000000,0.000000000000000,0.000000000000000 
 0.000000000000000,0.000000000000000,0.000000000000000 
0.000000000000000,0.000000000000000,0.000000000000000 
 0.000000000000000,0.000000000000000,0.000000000000000 
 0.000000000000000,0.000000000000000,0.000000000000000 
