55.939140693416498,-3.226629781974939,116.114135742187500 
0.072156359782216,0.000000000000000,0.000000000000000 
 0.000000000000000,0.098102526932976,0.000000000000000 
 0.000000000000000,0.000000000000000,0.197257178005575 
-0.00274,-0.00519,0.05644,0.99839 
0.00751,-0.01123,-0.13865 
0.89495,-0.17496,0.02691 
0.000000000000000,0.000000000000000,0.000000000000000 
 0.000000000000000,0.000000000000000,0.000000000000000 
 0.000000000000000,0.000000000000000,0.000000000000000 
0.000000000000000,0.000000000000000,0.000000000000000 
 0.000000000000000,0.000000000000000,0.000000000000000 
 0.000000000000000,0.000000000000000,0.000000000000000 
0.000000000000000,0.000000000000000,0.000000000000000 
 0.000000000000000,0.000000000000000,0.000000000000000 
 0.000000000000000,0.000000000000000,0.000000000000000 
