55.939147023788422,-3.226601839327811,116.135734558105469 
0.070471345163846,0.000000000000000,0.000000000000000 
 0.000000000000000,0.097187408869531,0.000000000000000 
 0.000000000000000,0.000000000000000,0.197857821215596 
-0.00336,-0.00674,0.08458,0.99639 
-0.03147,-0.03201,-0.09159 
1.17090,-0.00332,-1.04885 
0.000000000000000,0.000000000000000,0.000000000000000 
 0.000000000000000,0.000000000000000,0.000000000000000 
 0.000000000000000,0.000000000000000,0.000000000000000 
0.000000000000000,0.000000000000000,0.000000000000000 
 0.000000000000000,0.000000000000000,0.000000000000000 
 0.000000000000000,0.000000000000000,0.000000000000000 
0.000000000000000,0.000000000000000,0.000000000000000 
 0.000000000000000,0.000000000000000,0.000000000000000 
 0.000000000000000,0.000000000000000,0.000000000000000 
