55.939133346898522,-3.226664322237056,116.097236633300781 
0.075467221267051,0.000000000000000,0.000000000000000 
 0.000000000000000,0.099745590890493,0.000000000000000 
 0.000000000000000,0.000000000000000,0.197942114600033 
-0.00140,-0.00484,-0.00908,0.99995 
-0.00973,0.00602,-0.22811 
1.72195,-0.51734,-0.11678 
0.000000000000000,0.000000000000000,0.000000000000000 
 0.000000000000000,0.000000000000000,0.000000000000000 
 0.000000000000000,0.000000000000000,0.000000000000000 
0.000000000000000,0.000000000000000,0.000000000000000 
 0.000000000000000,0.000000000000000,0.000000000000000 
 0.000000000000000,0.000000000000000,0.000000000000000 
0.000000000000000,0.000000000000000,0.000000000000000 
 0.000000000000000,0.000000000000000,0.000000000000000 
 0.000000000000000,0.000000000000000,0.000000000000000 
