55.939181661379585,-3.226444536371143,116.375419616699219 
0.064668216292919,0.000000000000000,0.000000000000000 
 0.000000000000000,0.093993968702307,0.000000000000000 
 0.000000000000000,0.000000000000000,0.197585733714959 
-0.01185,-0.00569,0.10474,0.99441 
-0.00819,-0.02564,0.02438 
0.37659,0.08185,-0.04374 
0.000000000000000,0.000000000000000,0.000000000000000 
 0.000000000000000,0.000000000000000,0.000000000000000 
 0.000000000000000,0.000000000000000,0.000000000000000 
0.000000000000000,0.000000000000000,0.000000000000000 
 0.000000000000000,0.000000000000000,0.000000000000000 
 0.000000000000000,0.000000000000000,0.000000000000000 
0.000000000000000,0.000000000000000,0.000000000000000 
 0.000000000000000,0.000000000000000,0.000000000000000 
 0.000000000000000,0.000000000000000,0.000000000000000 
