55.939216182421418,-3.226118013279702,116.639450073242188 
0.055645350989036,0.000000000000000,0.000000000000000 
 0.000000000000000,0.090560636676745,0.000000000000000 
 0.000000000000000,0.000000000000000,0.196483825865471 
-0.01628,-0.00439,-0.04665,0.99877 
0.02092,0.01139,0.12812 
0.88342,1.68108,-0.40212 
0.000000000000000,0.000000000000000,0.000000000000000 
 0.000000000000000,0.000000000000000,0.000000000000000 
 0.000000000000000,0.000000000000000,0.000000000000000 
0.000000000000000,0.000000000000000,0.000000000000000 
 0.000000000000000,0.000000000000000,0.000000000000000 
 0.000000000000000,0.000000000000000,0.000000000000000 
0.000000000000000,0.000000000000000,0.000000000000000 
 0.000000000000000,0.000000000000000,0.000000000000000 
 0.000000000000000,0.000000000000000,0.000000000000000 
