55.939189330844677,-3.225649134104965,117.280105590820312 
0.047505223508929,0.000000000000000,0.000000000000000 
 0.000000000000000,0.085811027054806,0.000000000000000 
 0.000000000000000,0.000000000000000,0.191560813682745 
-0.01111,0.01476,-0.12666,0.99177 
-0.04217,0.01289,0.01195 
-0.06120,0.31363,-0.08223 
0.000000000000000,0.000000000000000,0.000000000000000 
 0.000000000000000,0.000000000000000,0.000000000000000 
 0.000000000000000,0.000000000000000,0.000000000000000 
0.000000000000000,0.000000000000000,0.000000000000000 
 0.000000000000000,0.000000000000000,0.000000000000000 
 0.000000000000000,0.000000000000000,0.000000000000000 
0.000000000000000,0.000000000000000,0.000000000000000 
 0.000000000000000,0.000000000000000,0.000000000000000 
 0.000000000000000,0.000000000000000,0.000000000000000 
