55.939181751907824,-3.225558335920950,117.497306823730469 
0.045394001249449,0.000000000000000,0.000000000000000 
 0.000000000000000,0.084781514109346,0.000000000000000 
 0.000000000000000,0.000000000000000,0.189620065888762 
-0.00756,0.01929,-0.12819,0.99153 
0.00235,-0.03256,0.00280 
0.08013,-0.07115,-0.27095 
0.000000000000000,0.000000000000000,0.000000000000000 
 0.000000000000000,0.000000000000000,0.000000000000000 
 0.000000000000000,0.000000000000000,0.000000000000000 
0.000000000000000,0.000000000000000,0.000000000000000 
 0.000000000000000,0.000000000000000,0.000000000000000 
 0.000000000000000,0.000000000000000,0.000000000000000 
0.000000000000000,0.000000000000000,0.000000000000000 
 0.000000000000000,0.000000000000000,0.000000000000000 
 0.000000000000000,0.000000000000000,0.000000000000000 
