55.939161955150048,-3.225300835811360,118.192382812500000 
0.045321701271966,0.000000000000000,0.000000000000000 
 0.000000000000000,0.085880061492042,0.000000000000000 
 0.000000000000000,0.000000000000000,0.190197979966854 
-0.01266,0.02302,-0.13013,0.99115 
-0.01026,-0.01504,-0.00588 
0.10988,-0.27128,-0.36210 
0.000000000000000,0.000000000000000,0.000000000000000 
 0.000000000000000,0.000000000000000,0.000000000000000 
 0.000000000000000,0.000000000000000,0.000000000000000 
0.000000000000000,0.000000000000000,0.000000000000000 
 0.000000000000000,0.000000000000000,0.000000000000000 
 0.000000000000000,0.000000000000000,0.000000000000000 
0.000000000000000,0.000000000000000,0.000000000000000 
 0.000000000000000,0.000000000000000,0.000000000000000 
 0.000000000000000,0.000000000000000,0.000000000000000 
