55.939160092008947,-3.225276665229588,118.271286010742188 
0.045540160511032,0.000000000000000,0.000000000000000 
 0.000000000000000,0.086218491698888,0.000000000000000 
 0.000000000000000,0.000000000000000,0.189603558821752 
-0.01218,0.02147,-0.12961,0.99126 
0.00890,-0.01561,-0.00924 
0.16308,0.07139,0.48282 
0.000000000000000,0.000000000000000,0.000000000000000 
 0.000000000000000,0.000000000000000,0.000000000000000 
 0.000000000000000,0.000000000000000,0.000000000000000 
0.000000000000000,0.000000000000000,0.000000000000000 
 0.000000000000000,0.000000000000000,0.000000000000000 
 0.000000000000000,0.000000000000000,0.000000000000000 
0.000000000000000,0.000000000000000,0.000000000000000 
 0.000000000000000,0.000000000000000,0.000000000000000 
 0.000000000000000,0.000000000000000,0.000000000000000 
