55.939132223308221,-3.224895281738130,119.741256713867188 
0.046524883149917,0.000000000000000,0.000000000000000 
 0.000000000000000,0.087274837592886,0.000000000000000 
 0.000000000000000,0.000000000000000,0.190501978156480 
-0.01369,0.02718,-0.12164,0.99211 
0.01798,0.01886,0.00134 
0.25376,-0.15182,0.20583 
0.000000000000000,0.000000000000000,0.000000000000000 
 0.000000000000000,0.000000000000000,0.000000000000000 
 0.000000000000000,0.000000000000000,0.000000000000000 
0.000000000000000,0.000000000000000,0.000000000000000 
 0.000000000000000,0.000000000000000,0.000000000000000 
 0.000000000000000,0.000000000000000,0.000000000000000 
0.000000000000000,0.000000000000000,0.000000000000000 
 0.000000000000000,0.000000000000000,0.000000000000000 
 0.000000000000000,0.000000000000000,0.000000000000000 
