55.939138591008209,-3.224971237115471,119.264717102050781 
0.046020706787868,0.000000000000000,0.000000000000000 
 0.000000000000000,0.086822338963288,0.000000000000000 
 0.000000000000000,0.000000000000000,0.189799094307660 
-0.01712,0.02346,-0.12149,0.99217 
0.00121,0.05721,0.00178 
0.32725,-0.30080,0.64456 
0.000000000000000,0.000000000000000,0.000000000000000 
 0.000000000000000,0.000000000000000,0.000000000000000 
 0.000000000000000,0.000000000000000,0.000000000000000 
0.000000000000000,0.000000000000000,0.000000000000000 
 0.000000000000000,0.000000000000000,0.000000000000000 
 0.000000000000000,0.000000000000000,0.000000000000000 
0.000000000000000,0.000000000000000,0.000000000000000 
 0.000000000000000,0.000000000000000,0.000000000000000 
 0.000000000000000,0.000000000000000,0.000000000000000 
