55.939152606244939,-3.225172275735578,118.530929565429688 
0.046461580007531,0.000000000000000,0.000000000000000 
 0.000000000000000,0.087690506731125,0.000000000000000 
 0.000000000000000,0.000000000000000,0.191551396189774 
-0.01384,0.02250,-0.12625,0.99165 
-0.00580,0.03638,-0.00955 
-0.56921,-0.47668,-0.82199 
0.000000000000000,0.000000000000000,0.000000000000000 
 0.000000000000000,0.000000000000000,0.000000000000000 
 0.000000000000000,0.000000000000000,0.000000000000000 
0.000000000000000,0.000000000000000,0.000000000000000 
 0.000000000000000,0.000000000000000,0.000000000000000 
 0.000000000000000,0.000000000000000,0.000000000000000 
0.000000000000000,0.000000000000000,0.000000000000000 
 0.000000000000000,0.000000000000000,0.000000000000000 
 0.000000000000000,0.000000000000000,0.000000000000000 
