55.939144906950965,-3.225054946881901,118.943801879882812 
0.046543199036267,0.000000000000000,0.000000000000000 
 0.000000000000000,0.087951291943259,0.000000000000000 
 0.000000000000000,0.000000000000000,0.190802912522408 
-0.02100,0.02543,-0.12178,0.99201 
-0.01859,0.01644,-0.00590 
-0.04951,-0.35499,-0.53465 
0.000000000000000,0.000000000000000,0.000000000000000 
 0.000000000000000,0.000000000000000,0.000000000000000 
 0.000000000000000,0.000000000000000,0.000000000000000 
0.000000000000000,0.000000000000000,0.000000000000000 
 0.000000000000000,0.000000000000000,0.000000000000000 
 0.000000000000000,0.000000000000000,0.000000000000000 
0.000000000000000,0.000000000000000,0.000000000000000 
 0.000000000000000,0.000000000000000,0.000000000000000 
 0.000000000000000,0.000000000000000,0.000000000000000 
