55.939104449065887,-3.224448657946010,121.393066406250000 
0.044114837368397,0.000000000000000,0.000000000000000 
 0.000000000000000,0.087357564743948,0.000000000000000 
 0.000000000000000,0.000000000000000,0.190563717608470 
-0.01529,0.02591,-0.10448,0.99407 
-0.00592,0.00659,-0.03113 
-0.64037,-0.42075,-0.57902 
0.000000000000000,0.000000000000000,0.000000000000000 
 0.000000000000000,0.000000000000000,0.000000000000000 
 0.000000000000000,0.000000000000000,0.000000000000000 
0.000000000000000,0.000000000000000,0.000000000000000 
 0.000000000000000,0.000000000000000,0.000000000000000 
 0.000000000000000,0.000000000000000,0.000000000000000 
0.000000000000000,0.000000000000000,0.000000000000000 
 0.000000000000000,0.000000000000000,0.000000000000000 
 0.000000000000000,0.000000000000000,0.000000000000000 
