55.939118114996049,-3.224683011778771,120.495193481445312 
0.047492499436183,0.000000000000000,0.000000000000000 
 0.000000000000000,0.089558254273947,0.000000000000000 
 0.000000000000000,0.000000000000000,0.191763828650071 
-0.01220,0.02636,-0.11886,0.99249 
-0.00335,-0.00583,-0.00510 
-0.04374,-0.23189,-0.13444 
0.000000000000000,0.000000000000000,0.000000000000000 
 0.000000000000000,0.000000000000000,0.000000000000000 
 0.000000000000000,0.000000000000000,0.000000000000000 
0.000000000000000,0.000000000000000,0.000000000000000 
 0.000000000000000,0.000000000000000,0.000000000000000 
 0.000000000000000,0.000000000000000,0.000000000000000 
0.000000000000000,0.000000000000000,0.000000000000000 
 0.000000000000000,0.000000000000000,0.000000000000000 
 0.000000000000000,0.000000000000000,0.000000000000000 
