55.939109903041050,-3.224551708525258,120.889129638671875 
0.044730051877323,0.000000000000000,0.000000000000000 
 0.000000000000000,0.087908590218010,0.000000000000000 
 0.000000000000000,0.000000000000000,0.190207338136133 
-0.00871,0.02269,-0.11283,0.99332 
-0.00070,0.01884,-0.02499 
-0.58582,-0.15130,0.40067 
0.000000000000000,0.000000000000000,0.000000000000000 
 0.000000000000000,0.000000000000000,0.000000000000000 
 0.000000000000000,0.000000000000000,0.000000000000000 
0.000000000000000,0.000000000000000,0.000000000000000 
 0.000000000000000,0.000000000000000,0.000000000000000 
 0.000000000000000,0.000000000000000,0.000000000000000 
0.000000000000000,0.000000000000000,0.000000000000000 
 0.000000000000000,0.000000000000000,0.000000000000000 
 0.000000000000000,0.000000000000000,0.000000000000000 
