55.939097132011163,-3.224185658171050,122.842140197753906 
0.043684023605693,0.000000000000000,0.000000000000000 
 0.000000000000000,0.086655010247449,0.000000000000000 
 0.000000000000000,0.000000000000000,0.191428807297314 
-0.01062,0.02392,-0.07378,0.99693 
0.03744,-0.01174,-0.02224 
0.15393,-0.21249,-0.33834 
0.000000000000000,0.000000000000000,0.000000000000000 
 0.000000000000000,0.000000000000000,0.000000000000000 
 0.000000000000000,0.000000000000000,0.000000000000000 
0.000000000000000,0.000000000000000,0.000000000000000 
 0.000000000000000,0.000000000000000,0.000000000000000 
 0.000000000000000,0.000000000000000,0.000000000000000 
0.000000000000000,0.000000000000000,0.000000000000000 
 0.000000000000000,0.000000000000000,0.000000000000000 
 0.000000000000000,0.000000000000000,0.000000000000000 
