55.939096272003979,-3.224113508570007,123.170097351074219 
0.048999285545733,0.000000000000000,0.000000000000000 
 0.000000000000000,0.092191119201460,0.000000000000000 
 0.000000000000000,0.000000000000000,0.202633102347193 
-0.00351,0.01980,-0.06763,0.99751 
-0.00230,-0.01389,-0.04140 
-0.21113,-0.78435,-0.69736 
0.000000000000000,0.000000000000000,0.000000000000000 
 0.000000000000000,0.000000000000000,0.000000000000000 
 0.000000000000000,0.000000000000000,0.000000000000000 
0.000000000000000,0.000000000000000,0.000000000000000 
 0.000000000000000,0.000000000000000,0.000000000000000 
 0.000000000000000,0.000000000000000,0.000000000000000 
0.000000000000000,0.000000000000000,0.000000000000000 
 0.000000000000000,0.000000000000000,0.000000000000000 
 0.000000000000000,0.000000000000000,0.000000000000000 
