55.939099007489943,-3.224013509594915,123.782630920410156 
0.040793546650989,0.000000000000000,0.000000000000000 
 0.000000000000000,0.087056381407681,0.000000000000000 
 0.000000000000000,0.000000000000000,0.190380505792987 
-0.01650,0.02362,-0.04849,0.99841 
-0.04229,0.03887,-0.06170 
0.43050,-0.52390,-0.21121 
0.000000000000000,0.000000000000000,0.000000000000000 
 0.000000000000000,0.000000000000000,0.000000000000000 
 0.000000000000000,0.000000000000000,0.000000000000000 
0.000000000000000,0.000000000000000,0.000000000000000 
 0.000000000000000,0.000000000000000,0.000000000000000 
 0.000000000000000,0.000000000000000,0.000000000000000 
0.000000000000000,0.000000000000000,0.000000000000000 
 0.000000000000000,0.000000000000000,0.000000000000000 
 0.000000000000000,0.000000000000000,0.000000000000000 
