55.939109549550288,-3.223829645344779,124.618965148925781 
0.039323411652731,0.000000000000000,0.000000000000000 
 0.000000000000000,0.086908277849752,0.000000000000000 
 0.000000000000000,0.000000000000000,0.189389343607993 
-0.02097,0.02196,0.00254,0.99954 
0.01114,-0.00443,-0.07632 
0.86067,-0.47726,-0.37442 
0.000000000000000,0.000000000000000,0.000000000000000 
 0.000000000000000,0.000000000000000,0.000000000000000 
 0.000000000000000,0.000000000000000,0.000000000000000 
0.000000000000000,0.000000000000000,0.000000000000000 
 0.000000000000000,0.000000000000000,0.000000000000000 
 0.000000000000000,0.000000000000000,0.000000000000000 
0.000000000000000,0.000000000000000,0.000000000000000 
 0.000000000000000,0.000000000000000,0.000000000000000 
 0.000000000000000,0.000000000000000,0.000000000000000 
