55.939707783473800,-3.222570001973380,129.526611328125000 
0.041918987375070,0.000000000000000,0.000000000000000 
 0.000000000000000,0.082108417598485,0.000000000000000 
 0.000000000000000,0.000000000000000,0.186585362122745 
-0.00507,0.01045,0.32362,0.94612 
0.00136,-0.00771,0.09469 
-0.56037,1.03289,-0.13033 
0.000000000000000,0.000000000000000,0.000000000000000 
 0.000000000000000,0.000000000000000,0.000000000000000 
 0.000000000000000,0.000000000000000,0.000000000000000 
0.000000000000000,0.000000000000000,0.000000000000000 
 0.000000000000000,0.000000000000000,0.000000000000000 
 0.000000000000000,0.000000000000000,0.000000000000000 
0.000000000000000,0.000000000000000,0.000000000000000 
 0.000000000000000,0.000000000000000,0.000000000000000 
 0.000000000000000,0.000000000000000,0.000000000000000 
