55.939652129576231,-3.222664326609051,129.082305908203125 
0.040577361817436,0.000000000000000,0.000000000000000 
 0.000000000000000,0.081825893633295,0.000000000000000 
 0.000000000000000,0.000000000000000,0.186456728835695 
-0.01307,0.00804,0.34397,0.93886 
0.01097,-0.00184,0.02326 
-0.40555,0.33650,0.09658 
0.000000000000000,0.000000000000000,0.000000000000000 
 0.000000000000000,0.000000000000000,0.000000000000000 
 0.000000000000000,0.000000000000000,0.000000000000000 
0.000000000000000,0.000000000000000,0.000000000000000 
 0.000000000000000,0.000000000000000,0.000000000000000 
 0.000000000000000,0.000000000000000,0.000000000000000 
0.000000000000000,0.000000000000000,0.000000000000000 
 0.000000000000000,0.000000000000000,0.000000000000000 
 0.000000000000000,0.000000000000000,0.000000000000000 
