55.939607018414179,-3.222736927443947,128.719665527343750 
0.040200834201670,0.000000000000000,0.000000000000000 
 0.000000000000000,0.081880036473706,0.000000000000000 
 0.000000000000000,0.000000000000000,0.185410625820759 
-0.01494,0.00633,0.34821,0.93728 
-0.00905,0.00126,0.01631 
-0.19826,0.23394,-0.13030 
0.000000000000000,0.000000000000000,0.000000000000000 
 0.000000000000000,0.000000000000000,0.000000000000000 
 0.000000000000000,0.000000000000000,0.000000000000000 
0.000000000000000,0.000000000000000,0.000000000000000 
 0.000000000000000,0.000000000000000,0.000000000000000 
 0.000000000000000,0.000000000000000,0.000000000000000 
0.000000000000000,0.000000000000000,0.000000000000000 
 0.000000000000000,0.000000000000000,0.000000000000000 
 0.000000000000000,0.000000000000000,0.000000000000000 
