55.939754660512889,-3.222476539224866,129.940795898437500 
0.042479661592608,0.000000000000000,0.000000000000000 
 0.000000000000000,0.082333388321842,0.000000000000000 
 0.000000000000000,0.000000000000000,0.187233552584075 
-0.00534,0.01414,0.28036,0.95978 
-0.01029,0.00482,0.13812 
-0.12538,1.57974,-0.03250 
0.000000000000000,0.000000000000000,0.000000000000000 
 0.000000000000000,0.000000000000000,0.000000000000000 
 0.000000000000000,0.000000000000000,0.000000000000000 
0.000000000000000,0.000000000000000,0.000000000000000 
 0.000000000000000,0.000000000000000,0.000000000000000 
 0.000000000000000,0.000000000000000,0.000000000000000 
0.000000000000000,0.000000000000000,0.000000000000000 
 0.000000000000000,0.000000000000000,0.000000000000000 
 0.000000000000000,0.000000000000000,0.000000000000000 
