55.939762982732312,-3.222457840627881,129.993118286132812 
0.042446296292600,0.000000000000000,0.000000000000000 
 0.000000000000000,0.082467717422824,0.000000000000000 
 0.000000000000000,0.000000000000000,0.187325741761558 
-0.00344,0.01434,0.27042,0.96263 
0.02967,-0.00710,0.13691 
-0.09828,1.46989,0.04482 
0.000000000000000,0.000000000000000,0.000000000000000 
 0.000000000000000,0.000000000000000,0.000000000000000 
 0.000000000000000,0.000000000000000,0.000000000000000 
0.000000000000000,0.000000000000000,0.000000000000000 
 0.000000000000000,0.000000000000000,0.000000000000000 
 0.000000000000000,0.000000000000000,0.000000000000000 
0.000000000000000,0.000000000000000,0.000000000000000 
 0.000000000000000,0.000000000000000,0.000000000000000 
 0.000000000000000,0.000000000000000,0.000000000000000 
