55.939854459353441,-3.222114929310137,130.804336547851562 
0.039840806880563,0.000000000000000,0.000000000000000 
 0.000000000000000,0.078970473598901,0.000000000000000 
 0.000000000000000,0.000000000000000,0.180833552443801 
0.00007,0.00151,0.06229,0.99806 
-0.04634,-0.03103,0.16635 
0.09132,1.70305,-0.29910 
0.000000000000000,0.000000000000000,0.000000000000000 
 0.000000000000000,0.000000000000000,0.000000000000000 
 0.000000000000000,0.000000000000000,0.000000000000000 
0.000000000000000,0.000000000000000,0.000000000000000 
 0.000000000000000,0.000000000000000,0.000000000000000 
 0.000000000000000,0.000000000000000,0.000000000000000 
0.000000000000000,0.000000000000000,0.000000000000000 
 0.000000000000000,0.000000000000000,0.000000000000000 
 0.000000000000000,0.000000000000000,0.000000000000000 
