55.939866349758447,-3.222003184817391,130.920150756835938 
0.039244277382364,0.000000000000000,0.000000000000000 
 0.000000000000000,0.077872424515647,0.000000000000000 
 0.000000000000000,0.000000000000000,0.180430234452133 
-0.00046,-0.00687,0.01868,0.99980 
0.03946,0.00866,0.08824 
0.12629,0.89341,0.16546 
0.000000000000000,0.000000000000000,0.000000000000000 
 0.000000000000000,0.000000000000000,0.000000000000000 
 0.000000000000000,0.000000000000000,0.000000000000000 
0.000000000000000,0.000000000000000,0.000000000000000 
 0.000000000000000,0.000000000000000,0.000000000000000 
 0.000000000000000,0.000000000000000,0.000000000000000 
0.000000000000000,0.000000000000000,0.000000000000000 
 0.000000000000000,0.000000000000000,0.000000000000000 
 0.000000000000000,0.000000000000000,0.000000000000000 
