55.939834559525529,-3.222229018111753,130.579360961914062 
0.040568807527110,0.000000000000000,0.000000000000000 
 0.000000000000000,0.080110537711740,0.000000000000000 
 0.000000000000000,0.000000000000000,0.182201652713449 
0.01163,0.01013,0.12883,0.99155 
-0.00814,-0.01670,0.18295 
0.00427,1.59729,0.02337 
0.000000000000000,0.000000000000000,0.000000000000000 
 0.000000000000000,0.000000000000000,0.000000000000000 
 0.000000000000000,0.000000000000000,0.000000000000000 
0.000000000000000,0.000000000000000,0.000000000000000 
 0.000000000000000,0.000000000000000,0.000000000000000 
 0.000000000000000,0.000000000000000,0.000000000000000 
0.000000000000000,0.000000000000000,0.000000000000000 
 0.000000000000000,0.000000000000000,0.000000000000000 
 0.000000000000000,0.000000000000000,0.000000000000000 
