55.939879177302487,-3.221416779854691,131.428421020507812 
0.036984754427070,0.000000000000000,0.000000000000000 
 0.000000000000000,0.071920902848447,0.000000000000000 
 0.000000000000000,0.000000000000000,0.179155413224667 
-0.01511,-0.00743,-0.10464,0.99437 
-0.03398,-0.01485,0.06200 
-0.30213,0.57893,0.46807 
0.000000000000000,0.000000000000000,0.000000000000000 
 0.000000000000000,0.000000000000000,0.000000000000000 
 0.000000000000000,0.000000000000000,0.000000000000000 
0.000000000000000,0.000000000000000,0.000000000000000 
 0.000000000000000,0.000000000000000,0.000000000000000 
 0.000000000000000,0.000000000000000,0.000000000000000 
0.000000000000000,0.000000000000000,0.000000000000000 
 0.000000000000000,0.000000000000000,0.000000000000000 
 0.000000000000000,0.000000000000000,0.000000000000000 
