55.939875979525524,-3.221361764110153,131.410888671875000 
0.036739565496717,0.000000000000000,0.000000000000000 
 0.000000000000000,0.071795892009860,0.000000000000000 
 0.000000000000000,0.000000000000000,0.178694907113347 
-0.01579,-0.00630,-0.11485,0.99324 
0.01030,-0.01011,0.05445 
-0.39685,0.47587,-0.28538 
0.000000000000000,0.000000000000000,0.000000000000000 
 0.000000000000000,0.000000000000000,0.000000000000000 
 0.000000000000000,0.000000000000000,0.000000000000000 
0.000000000000000,0.000000000000000,0.000000000000000 
 0.000000000000000,0.000000000000000,0.000000000000000 
 0.000000000000000,0.000000000000000,0.000000000000000 
0.000000000000000,0.000000000000000,0.000000000000000 
 0.000000000000000,0.000000000000000,0.000000000000000 
 0.000000000000000,0.000000000000000,0.000000000000000 
