55.939862576235470,-3.221178586105832,131.469787597656250 
0.035756650562526,0.000000000000000,0.000000000000000 
 0.000000000000000,0.071162371863069,0.000000000000000 
 0.000000000000000,0.000000000000000,0.177839361333270 
-0.00864,-0.00837,-0.12182,0.99248 
0.02530,-0.00755,-0.05209 
-0.33627,-0.53802,0.06495 
0.000000000000000,0.000000000000000,0.000000000000000 
 0.000000000000000,0.000000000000000,0.000000000000000 
 0.000000000000000,0.000000000000000,0.000000000000000 
0.000000000000000,0.000000000000000,0.000000000000000 
 0.000000000000000,0.000000000000000,0.000000000000000 
 0.000000000000000,0.000000000000000,0.000000000000000 
0.000000000000000,0.000000000000000,0.000000000000000 
 0.000000000000000,0.000000000000000,0.000000000000000 
 0.000000000000000,0.000000000000000,0.000000000000000 
