55.939854050833880,-3.220789204399019,131.692184448242188 
0.035433178082995,0.000000000000000,0.000000000000000 
 0.000000000000000,0.071898733615883,0.000000000000000 
 0.000000000000000,0.000000000000000,0.177519349753311 
-0.01694,-0.00865,-0.06386,0.99778 
-0.01793,-0.01133,-0.00150 
-0.32298,0.01921,0.52334 
0.000000000000000,0.000000000000000,0.000000000000000 
 0.000000000000000,0.000000000000000,0.000000000000000 
 0.000000000000000,0.000000000000000,0.000000000000000 
0.000000000000000,0.000000000000000,0.000000000000000 
 0.000000000000000,0.000000000000000,0.000000000000000 
 0.000000000000000,0.000000000000000,0.000000000000000 
0.000000000000000,0.000000000000000,0.000000000000000 
 0.000000000000000,0.000000000000000,0.000000000000000 
 0.000000000000000,0.000000000000000,0.000000000000000 
