55.939853455361536,-3.220880075655867,131.639190673828125 
0.035570950656197,0.000000000000000,0.000000000000000 
 0.000000000000000,0.071931261382829,0.000000000000000 
 0.000000000000000,0.000000000000000,0.177049942209351 
-0.01119,-0.01376,-0.07611,0.99694 
0.00043,0.00415,-0.03694 
-2.13060,-0.36903,-0.02499 
0.000000000000000,0.000000000000000,0.000000000000000 
 0.000000000000000,0.000000000000000,0.000000000000000 
 0.000000000000000,0.000000000000000,0.000000000000000 
0.000000000000000,0.000000000000000,0.000000000000000 
 0.000000000000000,0.000000000000000,0.000000000000000 
 0.000000000000000,0.000000000000000,0.000000000000000 
0.000000000000000,0.000000000000000,0.000000000000000 
 0.000000000000000,0.000000000000000,0.000000000000000 
 0.000000000000000,0.000000000000000,0.000000000000000 
