55.939853025333640,-3.220973993251290,131.342880249023438 
0.035228343349403,0.000000000000000,0.000000000000000 
 0.000000000000000,0.071761015759662,0.000000000000000 
 0.000000000000000,0.000000000000000,0.176307876077041 
-0.00970,-0.00751,-0.08890,0.99597 
-0.00261,-0.00437,-0.04481 
-0.69043,-0.81020,0.11089 
0.000000000000000,0.000000000000000,0.000000000000000 
 0.000000000000000,0.000000000000000,0.000000000000000 
 0.000000000000000,0.000000000000000,0.000000000000000 
0.000000000000000,0.000000000000000,0.000000000000000 
 0.000000000000000,0.000000000000000,0.000000000000000 
 0.000000000000000,0.000000000000000,0.000000000000000 
0.000000000000000,0.000000000000000,0.000000000000000 
 0.000000000000000,0.000000000000000,0.000000000000000 
 0.000000000000000,0.000000000000000,0.000000000000000 
