55.939852219374281,-3.220912209190577,131.444015502929688 
0.035378788545487,0.000000000000000,0.000000000000000 
 0.000000000000000,0.071897343157875,0.000000000000000 
 0.000000000000000,0.000000000000000,0.176532894216096 
-0.01183,-0.01263,-0.08046,0.99661 
-0.01533,-0.00439,-0.03998 
-2.08470,-0.48349,0.11652 
0.000000000000000,0.000000000000000,0.000000000000000 
 0.000000000000000,0.000000000000000,0.000000000000000 
 0.000000000000000,0.000000000000000,0.000000000000000 
0.000000000000000,0.000000000000000,0.000000000000000 
 0.000000000000000,0.000000000000000,0.000000000000000 
 0.000000000000000,0.000000000000000,0.000000000000000 
0.000000000000000,0.000000000000000,0.000000000000000 
 0.000000000000000,0.000000000000000,0.000000000000000 
 0.000000000000000,0.000000000000000,0.000000000000000 
