55.939854900815291,-3.220669802558839,131.826766967773438 
0.035143449205331,0.000000000000000,0.000000000000000 
 0.000000000000000,0.070862443198738,0.000000000000000 
 0.000000000000000,0.000000000000000,0.178049735397735 
-0.01456,-0.00905,-0.06172,0.99795 
-0.00779,-0.01042,-0.00470 
-0.32448,0.07804,0.03997 
0.000000000000000,0.000000000000000,0.000000000000000 
 0.000000000000000,0.000000000000000,0.000000000000000 
 0.000000000000000,0.000000000000000,0.000000000000000 
0.000000000000000,0.000000000000000,0.000000000000000 
 0.000000000000000,0.000000000000000,0.000000000000000 
 0.000000000000000,0.000000000000000,0.000000000000000 
0.000000000000000,0.000000000000000,0.000000000000000 
 0.000000000000000,0.000000000000000,0.000000000000000 
 0.000000000000000,0.000000000000000,0.000000000000000 
