55.939856096944375,-3.220561346881859,131.954452514648438 
0.034928069308853,0.000000000000000,0.000000000000000 
 0.000000000000000,0.070078031589405,0.000000000000000 
 0.000000000000000,0.000000000000000,0.178008566016211 
-0.02284,-0.00587,-0.06561,0.99757 
-0.04552,-0.00652,0.09641 
0.52311,0.55401,0.64995 
0.000000000000000,0.000000000000000,0.000000000000000 
 0.000000000000000,0.000000000000000,0.000000000000000 
 0.000000000000000,0.000000000000000,0.000000000000000 
0.000000000000000,0.000000000000000,0.000000000000000 
 0.000000000000000,0.000000000000000,0.000000000000000 
 0.000000000000000,0.000000000000000,0.000000000000000 
0.000000000000000,0.000000000000000,0.000000000000000 
 0.000000000000000,0.000000000000000,0.000000000000000 
 0.000000000000000,0.000000000000000,0.000000000000000 
