55.939855713867701,-3.220602412417616,131.903625488281250 
0.034990701595961,0.000000000000000,0.000000000000000 
 0.000000000000000,0.070352233195138,0.000000000000000 
 0.000000000000000,0.000000000000000,0.177873799152303 
-0.01706,-0.00739,-0.05951,0.99805 
-0.03018,0.01402,-0.00384 
0.22130,-0.11461,0.27328 
0.000000000000000,0.000000000000000,0.000000000000000 
 0.000000000000000,0.000000000000000,0.000000000000000 
 0.000000000000000,0.000000000000000,0.000000000000000 
0.000000000000000,0.000000000000000,0.000000000000000 
 0.000000000000000,0.000000000000000,0.000000000000000 
 0.000000000000000,0.000000000000000,0.000000000000000 
0.000000000000000,0.000000000000000,0.000000000000000 
 0.000000000000000,0.000000000000000,0.000000000000000 
 0.000000000000000,0.000000000000000,0.000000000000000 
