55.939849748018595,-3.220467346808888,132.202636718750000 
0.034691150032097,0.000000000000000,0.000000000000000 
 0.000000000000000,0.069633133865100,0.000000000000000 
 0.000000000000000,0.000000000000000,0.179011739300027 
-0.02587,-0.00077,-0.14400,0.98924 
-0.01871,-0.01611,0.17980 
-0.66187,1.04920,-0.26225 
0.000000000000000,0.000000000000000,0.000000000000000 
 0.000000000000000,0.000000000000000,0.000000000000000 
 0.000000000000000,0.000000000000000,0.000000000000000 
0.000000000000000,0.000000000000000,0.000000000000000 
 0.000000000000000,0.000000000000000,0.000000000000000 
 0.000000000000000,0.000000000000000,0.000000000000000 
0.000000000000000,0.000000000000000,0.000000000000000 
 0.000000000000000,0.000000000000000,0.000000000000000 
 0.000000000000000,0.000000000000000,0.000000000000000 
