55.939851582847695,-3.220485658147175,132.063812255859375 
0.034771439515283,0.000000000000000,0.000000000000000 
 0.000000000000000,0.069635760554015,0.000000000000000 
 0.000000000000000,0.000000000000000,0.178216498684031 
-0.02489,-0.00119,-0.12751,0.99152 
0.00209,0.00089,0.16017 
-0.48500,0.90801,0.11169 
0.000000000000000,0.000000000000000,0.000000000000000 
 0.000000000000000,0.000000000000000,0.000000000000000 
 0.000000000000000,0.000000000000000,0.000000000000000 
0.000000000000000,0.000000000000000,0.000000000000000 
 0.000000000000000,0.000000000000000,0.000000000000000 
 0.000000000000000,0.000000000000000,0.000000000000000 
0.000000000000000,0.000000000000000,0.000000000000000 
 0.000000000000000,0.000000000000000,0.000000000000000 
 0.000000000000000,0.000000000000000,0.000000000000000 
