55.939824081326293,-3.220371510212732,132.592651367187500 
0.035000028796478,0.000000000000000,0.000000000000000 
 0.000000000000000,0.070013558903156,0.000000000000000 
 0.000000000000000,0.000000000000000,0.179835694045210 
-0.02129,0.01094,-0.33636,0.94143 
-0.01724,-0.00691,0.28728 
-0.75458,0.97637,-0.08288 
0.000000000000000,0.000000000000000,0.000000000000000 
 0.000000000000000,0.000000000000000,0.000000000000000 
 0.000000000000000,0.000000000000000,0.000000000000000 
0.000000000000000,0.000000000000000,0.000000000000000 
 0.000000000000000,0.000000000000000,0.000000000000000 
 0.000000000000000,0.000000000000000,0.000000000000000 
0.000000000000000,0.000000000000000,0.000000000000000 
 0.000000000000000,0.000000000000000,0.000000000000000 
 0.000000000000000,0.000000000000000,0.000000000000000 
