55.939851141112833,-3.220481048224929,132.104812622070312 
0.034753291842208,0.000000000000000,0.000000000000000 
 0.000000000000000,0.069631639662973,0.000000000000000 
 0.000000000000000,0.000000000000000,0.178690623773726 
-0.02489,-0.00098,-0.13145,0.99101 
0.00059,0.00058,0.15553 
-0.47548,1.10896,-0.04403 
0.000000000000000,0.000000000000000,0.000000000000000 
 0.000000000000000,0.000000000000000,0.000000000000000 
 0.000000000000000,0.000000000000000,0.000000000000000 
0.000000000000000,0.000000000000000,0.000000000000000 
 0.000000000000000,0.000000000000000,0.000000000000000 
 0.000000000000000,0.000000000000000,0.000000000000000 
0.000000000000000,0.000000000000000,0.000000000000000 
 0.000000000000000,0.000000000000000,0.000000000000000 
 0.000000000000000,0.000000000000000,0.000000000000000 
