55.939852123736287,-3.220490292374059,132.071365356445312 
0.034791115031219,0.000000000000000,0.000000000000000 
 0.000000000000000,0.069640683763087,0.000000000000000 
 0.000000000000000,0.000000000000000,0.178842612940858 
-0.02493,-0.00150,-0.12353,0.99203 
-0.00011,0.00138,0.15871 
-0.24529,0.53794,0.39581 
0.000000000000000,0.000000000000000,0.000000000000000 
 0.000000000000000,0.000000000000000,0.000000000000000 
 0.000000000000000,0.000000000000000,0.000000000000000 
0.000000000000000,0.000000000000000,0.000000000000000 
 0.000000000000000,0.000000000000000,0.000000000000000 
 0.000000000000000,0.000000000000000,0.000000000000000 
0.000000000000000,0.000000000000000,0.000000000000000 
 0.000000000000000,0.000000000000000,0.000000000000000 
 0.000000000000000,0.000000000000000,0.000000000000000 
