55.939812258071406,-3.220350491402735,132.859222412109375 
0.035388750385979,0.000000000000000,0.000000000000000 
 0.000000000000000,0.070245954252536,0.000000000000000 
 0.000000000000000,0.000000000000000,0.180472569154078 
-0.01851,0.01126,-0.42433,0.90525 
0.00878,-0.02555,0.39250 
-0.78673,1.30288,0.00990 
0.000000000000000,0.000000000000000,0.000000000000000 
 0.000000000000000,0.000000000000000,0.000000000000000 
 0.000000000000000,0.000000000000000,0.000000000000000 
0.000000000000000,0.000000000000000,0.000000000000000 
 0.000000000000000,0.000000000000000,0.000000000000000 
 0.000000000000000,0.000000000000000,0.000000000000000 
0.000000000000000,0.000000000000000,0.000000000000000 
 0.000000000000000,0.000000000000000,0.000000000000000 
 0.000000000000000,0.000000000000000,0.000000000000000 
