55.939779141563193,-3.220328212068294,133.388168334960938 
0.036020225442744,0.000000000000000,0.000000000000000 
 0.000000000000000,0.072843786804463,0.000000000000000 
 0.000000000000000,0.000000000000000,0.182536830842427 
-0.00510,0.02595,-0.59696,0.80183 
0.00502,-0.03404,0.16812 
-1.05541,0.44614,0.01896 
0.000000000000000,0.000000000000000,0.000000000000000 
 0.000000000000000,0.000000000000000,0.000000000000000 
 0.000000000000000,0.000000000000000,0.000000000000000 
0.000000000000000,0.000000000000000,0.000000000000000 
 0.000000000000000,0.000000000000000,0.000000000000000 
 0.000000000000000,0.000000000000000,0.000000000000000 
0.000000000000000,0.000000000000000,0.000000000000000 
 0.000000000000000,0.000000000000000,0.000000000000000 
 0.000000000000000,0.000000000000000,0.000000000000000 
