55.939809998161756,-3.220347337876797,132.895523071289062 
0.036298178319344,0.000000000000000,0.000000000000000 
 0.000000000000000,0.071183743470272,0.000000000000000 
 0.000000000000000,0.000000000000000,0.182676715171940 
-0.01819,0.01181,-0.44185,0.89683 
-0.01715,-0.00184,0.38865 
-0.62383,1.45026,-0.02222 
0.000000000000000,0.000000000000000,0.000000000000000 
 0.000000000000000,0.000000000000000,0.000000000000000 
 0.000000000000000,0.000000000000000,0.000000000000000 
0.000000000000000,0.000000000000000,0.000000000000000 
 0.000000000000000,0.000000000000000,0.000000000000000 
 0.000000000000000,0.000000000000000,0.000000000000000 
0.000000000000000,0.000000000000000,0.000000000000000 
 0.000000000000000,0.000000000000000,0.000000000000000 
 0.000000000000000,0.000000000000000,0.000000000000000 
