55.939785819828920,-3.220331840494924,133.293395996093750 
0.035476651308741,0.000000000000000,0.000000000000000 
 0.000000000000000,0.071944882072387,0.000000000000000 
 0.000000000000000,0.000000000000000,0.182699822127064 
0.00263,0.02412,-0.57157,0.82019 
-0.08048,-0.03134,0.20523 
-1.50304,-0.07539,-0.62803 
0.000000000000000,0.000000000000000,0.000000000000000 
 0.000000000000000,0.000000000000000,0.000000000000000 
 0.000000000000000,0.000000000000000,0.000000000000000 
0.000000000000000,0.000000000000000,0.000000000000000 
 0.000000000000000,0.000000000000000,0.000000000000000 
 0.000000000000000,0.000000000000000,0.000000000000000 
0.000000000000000,0.000000000000000,0.000000000000000 
 0.000000000000000,0.000000000000000,0.000000000000000 
 0.000000000000000,0.000000000000000,0.000000000000000 
