55.939758793133890,-3.220326115630170,133.518600463867188 
0.038830994875752,0.000000000000000,0.000000000000000 
 0.000000000000000,0.076911240808003,0.000000000000000 
 0.000000000000000,0.000000000000000,0.187574228932911 
0.00138,0.01033,-0.67875,0.73430 
0.02604,-0.00388,0.11506 
-0.95088,-0.05543,0.01882 
0.000000000000000,0.000000000000000,0.000000000000000 
 0.000000000000000,0.000000000000000,0.000000000000000 
 0.000000000000000,0.000000000000000,0.000000000000000 
0.000000000000000,0.000000000000000,0.000000000000000 
 0.000000000000000,0.000000000000000,0.000000000000000 
 0.000000000000000,0.000000000000000,0.000000000000000 
0.000000000000000,0.000000000000000,0.000000000000000 
 0.000000000000000,0.000000000000000,0.000000000000000 
 0.000000000000000,0.000000000000000,0.000000000000000 
