55.939758369116653,-3.220332898070828,133.626739501953125 
0.040553136005933,0.000000000000000,0.000000000000000 
 0.000000000000000,0.084342371816612,0.000000000000000 
 0.000000000000000,0.000000000000000,0.193099352102081 
0.00142,0.00521,-0.69838,0.71571 
-0.00611,0.00086,0.01457 
-0.70461,-0.06781,-0.07054 
0.000000000000000,0.000000000000000,0.000000000000000 
 0.000000000000000,0.000000000000000,0.000000000000000 
 0.000000000000000,0.000000000000000,0.000000000000000 
0.000000000000000,0.000000000000000,0.000000000000000 
 0.000000000000000,0.000000000000000,0.000000000000000 
 0.000000000000000,0.000000000000000,0.000000000000000 
0.000000000000000,0.000000000000000,0.000000000000000 
 0.000000000000000,0.000000000000000,0.000000000000000 
 0.000000000000000,0.000000000000000,0.000000000000000 
