55.939791241076151,-3.220346941992771,133.277893066406250 
0.043169823869926,0.000000000000000,0.000000000000000 
 0.000000000000000,0.089740431575444,0.000000000000000 
 0.000000000000000,0.000000000000000,0.196128021664209 
0.01866,0.00630,-0.81322,0.58163 
0.01132,-0.01512,0.13401 
0.28780,-0.13135,-0.08005 
0.000000000000000,0.000000000000000,0.000000000000000 
 0.000000000000000,0.000000000000000,0.000000000000000 
 0.000000000000000,0.000000000000000,0.000000000000000 
0.000000000000000,0.000000000000000,0.000000000000000 
 0.000000000000000,0.000000000000000,0.000000000000000 
 0.000000000000000,0.000000000000000,0.000000000000000 
0.000000000000000,0.000000000000000,0.000000000000000 
 0.000000000000000,0.000000000000000,0.000000000000000 
 0.000000000000000,0.000000000000000,0.000000000000000 
