55.939775070054814,-3.220341706970078,133.356048583984375 
0.040494060422716,0.000000000000000,0.000000000000000 
 0.000000000000000,0.085310735129732,0.000000000000000 
 0.000000000000000,0.000000000000000,0.191757590471263 
0.01041,0.00554,-0.74623,0.66559 
-0.00326,0.01920,0.10361 
0.04337,-0.17879,0.03067 
0.000000000000000,0.000000000000000,0.000000000000000 
 0.000000000000000,0.000000000000000,0.000000000000000 
 0.000000000000000,0.000000000000000,0.000000000000000 
0.000000000000000,0.000000000000000,0.000000000000000 
 0.000000000000000,0.000000000000000,0.000000000000000 
 0.000000000000000,0.000000000000000,0.000000000000000 
0.000000000000000,0.000000000000000,0.000000000000000 
 0.000000000000000,0.000000000000000,0.000000000000000 
 0.000000000000000,0.000000000000000,0.000000000000000 
