55.939815952975309,-3.220349577951366,133.289443969726562 
0.043218247534087,0.000000000000000,0.000000000000000 
 0.000000000000000,0.094158688209124,0.000000000000000 
 0.000000000000000,0.000000000000000,0.198385540089313 
0.00641,-0.01484,-0.91103,0.41202 
-0.03702,-0.00472,0.11426 
-0.14517,-0.21219,0.15280 
0.000000000000000,0.000000000000000,0.000000000000000 
 0.000000000000000,0.000000000000000,0.000000000000000 
 0.000000000000000,0.000000000000000,0.000000000000000 
0.000000000000000,0.000000000000000,0.000000000000000 
 0.000000000000000,0.000000000000000,0.000000000000000 
 0.000000000000000,0.000000000000000,0.000000000000000 
0.000000000000000,0.000000000000000,0.000000000000000 
 0.000000000000000,0.000000000000000,0.000000000000000 
 0.000000000000000,0.000000000000000,0.000000000000000 
