55.939822160868019,-3.220351462885588,133.447006225585938 
0.041677419714114,0.000000000000000,0.000000000000000 
 0.000000000000000,0.096418557413713,0.000000000000000 
 0.000000000000000,0.000000000000000,0.199160946278937 
0.00430,-0.01070,-0.92993,0.36755 
0.01620,0.00655,0.08998 
1.42545,0.24637,0.00493 
0.000000000000000,0.000000000000000,0.000000000000000 
 0.000000000000000,0.000000000000000,0.000000000000000 
 0.000000000000000,0.000000000000000,0.000000000000000 
0.000000000000000,0.000000000000000,0.000000000000000 
 0.000000000000000,0.000000000000000,0.000000000000000 
 0.000000000000000,0.000000000000000,0.000000000000000 
0.000000000000000,0.000000000000000,0.000000000000000 
 0.000000000000000,0.000000000000000,0.000000000000000 
 0.000000000000000,0.000000000000000,0.000000000000000 
