55.939823855828728,-3.220346841341976,133.404769897460938 
0.041987556522509,0.000000000000000,0.000000000000000 
 0.000000000000000,0.095973712738279,0.000000000000000 
 0.000000000000000,0.000000000000000,0.199095276208859 
0.00424,-0.01110,-0.92617,0.37692 
-0.01146,-0.00447,0.00387 
1.67527,-0.20867,0.10273 
0.000000000000000,0.000000000000000,0.000000000000000 
 0.000000000000000,0.000000000000000,0.000000000000000 
 0.000000000000000,0.000000000000000,0.000000000000000 
0.000000000000000,0.000000000000000,0.000000000000000 
 0.000000000000000,0.000000000000000,0.000000000000000 
 0.000000000000000,0.000000000000000,0.000000000000000 
0.000000000000000,0.000000000000000,0.000000000000000 
 0.000000000000000,0.000000000000000,0.000000000000000 
 0.000000000000000,0.000000000000000,0.000000000000000 
