55.939819761572451,-3.220360095958401,133.475463867187500 
0.041397381579778,0.000000000000000,0.000000000000000 
 0.000000000000000,0.096777854943242,0.000000000000000 
 0.000000000000000,0.000000000000000,0.198553519557643 
0.00519,-0.01249,-0.94191,0.33561 
-0.00355,0.00030,0.23428 
1.38876,0.53018,-0.02144 
0.000000000000000,0.000000000000000,0.000000000000000 
 0.000000000000000,0.000000000000000,0.000000000000000 
 0.000000000000000,0.000000000000000,0.000000000000000 
0.000000000000000,0.000000000000000,0.000000000000000 
 0.000000000000000,0.000000000000000,0.000000000000000 
 0.000000000000000,0.000000000000000,0.000000000000000 
0.000000000000000,0.000000000000000,0.000000000000000 
 0.000000000000000,0.000000000000000,0.000000000000000 
 0.000000000000000,0.000000000000000,0.000000000000000 
