55.939819075990250,-3.220362825177085,133.489883422851562 
0.041338651392479,0.000000000000000,0.000000000000000 
 0.000000000000000,0.096871183252504,0.000000000000000 
 0.000000000000000,0.000000000000000,0.198420611813876 
0.00459,-0.01223,-0.94639,0.32276 
-0.00894,0.00398,0.27622 
1.44893,0.83610,-0.07838 
0.000000000000000,0.000000000000000,0.000000000000000 
 0.000000000000000,0.000000000000000,0.000000000000000 
 0.000000000000000,0.000000000000000,0.000000000000000 
0.000000000000000,0.000000000000000,0.000000000000000 
 0.000000000000000,0.000000000000000,0.000000000000000 
 0.000000000000000,0.000000000000000,0.000000000000000 
0.000000000000000,0.000000000000000,0.000000000000000 
 0.000000000000000,0.000000000000000,0.000000000000000 
 0.000000000000000,0.000000000000000,0.000000000000000 
