55.939818280890329,-3.220366046502389,133.484146118164062 
0.041281930818693,0.000000000000000,0.000000000000000 
 0.000000000000000,0.096964092532264,0.000000000000000 
 0.000000000000000,0.000000000000000,0.198288199776332 
0.00427,-0.01181,-0.95132,0.30795 
-0.00496,0.01245,0.31263 
1.63083,0.83256,0.21278 
0.000000000000000,0.000000000000000,0.000000000000000 
 0.000000000000000,0.000000000000000,0.000000000000000 
 0.000000000000000,0.000000000000000,0.000000000000000 
0.000000000000000,0.000000000000000,0.000000000000000 
 0.000000000000000,0.000000000000000,0.000000000000000 
 0.000000000000000,0.000000000000000,0.000000000000000 
0.000000000000000,0.000000000000000,0.000000000000000 
 0.000000000000000,0.000000000000000,0.000000000000000 
 0.000000000000000,0.000000000000000,0.000000000000000 
