55.939815827449983,-3.220384604261558,133.519989013671875 
0.041016136118508,0.000000000000000,0.000000000000000 
 0.000000000000000,0.097347314248638,0.000000000000000 
 0.000000000000000,0.000000000000000,0.198278804130098 
-0.00361,-0.00804,-0.97656,0.21508 
-0.00767,-0.03081,0.47567 
0.54577,1.48219,0.43895 
0.000000000000000,0.000000000000000,0.000000000000000 
 0.000000000000000,0.000000000000000,0.000000000000000 
 0.000000000000000,0.000000000000000,0.000000000000000 
0.000000000000000,0.000000000000000,0.000000000000000 
 0.000000000000000,0.000000000000000,0.000000000000000 
 0.000000000000000,0.000000000000000,0.000000000000000 
0.000000000000000,0.000000000000000,0.000000000000000 
 0.000000000000000,0.000000000000000,0.000000000000000 
 0.000000000000000,0.000000000000000,0.000000000000000 
