55.939839443694851,-3.220635207161386,133.916015625000000 
0.040540491757813,0.000000000000000,0.000000000000000 
 0.000000000000000,0.096286159364865,0.000000000000000 
 0.000000000000000,0.000000000000000,0.195237037989956 
-0.01593,-0.00576,-0.99534,-0.09493 
-0.00162,0.01875,0.00319 
0.96697,-0.14224,0.02487 
0.000000000000000,0.000000000000000,0.000000000000000 
 0.000000000000000,0.000000000000000,0.000000000000000 
 0.000000000000000,0.000000000000000,0.000000000000000 
0.000000000000000,0.000000000000000,0.000000000000000 
 0.000000000000000,0.000000000000000,0.000000000000000 
 0.000000000000000,0.000000000000000,0.000000000000000 
0.000000000000000,0.000000000000000,0.000000000000000 
 0.000000000000000,0.000000000000000,0.000000000000000 
 0.000000000000000,0.000000000000000,0.000000000000000 
