55.939832924565877,-3.220570301183823,133.708908081054688 
0.040616374806778,0.000000000000000,0.000000000000000 
 0.000000000000000,0.097409828683656,0.000000000000000 
 0.000000000000000,0.000000000000000,0.197364750820200 
-0.02077,-0.00794,-0.99515,-0.09581 
-0.02522,0.01667,-0.00697 
-0.02780,-0.09726,-0.35300 
0.000000000000000,0.000000000000000,0.000000000000000 
 0.000000000000000,0.000000000000000,0.000000000000000 
 0.000000000000000,0.000000000000000,0.000000000000000 
0.000000000000000,0.000000000000000,0.000000000000000 
 0.000000000000000,0.000000000000000,0.000000000000000 
 0.000000000000000,0.000000000000000,0.000000000000000 
0.000000000000000,0.000000000000000,0.000000000000000 
 0.000000000000000,0.000000000000000,0.000000000000000 
 0.000000000000000,0.000000000000000,0.000000000000000 
