55.939828303804383,-3.220527704234815,133.625091552734375 
0.040557457226115,0.000000000000000,0.000000000000000 
 0.000000000000000,0.098171576905148,0.000000000000000 
 0.000000000000000,0.000000000000000,0.197943440528022 
-0.01769,-0.01004,-0.99496,-0.09822 
0.01057,-0.00015,-0.00299 
1.42962,0.01362,0.15645 
0.000000000000000,0.000000000000000,0.000000000000000 
 0.000000000000000,0.000000000000000,0.000000000000000 
 0.000000000000000,0.000000000000000,0.000000000000000 
0.000000000000000,0.000000000000000,0.000000000000000 
 0.000000000000000,0.000000000000000,0.000000000000000 
 0.000000000000000,0.000000000000000,0.000000000000000 
0.000000000000000,0.000000000000000,0.000000000000000 
 0.000000000000000,0.000000000000000,0.000000000000000 
 0.000000000000000,0.000000000000000,0.000000000000000 
