55.939846663736617,-3.220729964754669,133.868515014648438 
0.040864285984377,0.000000000000000,0.000000000000000 
 0.000000000000000,0.095557495597006,0.000000000000000 
 0.000000000000000,0.000000000000000,0.192972969657465 
-0.01364,-0.00730,-0.99566,-0.09180 
0.00741,0.01330,-0.00423 
1.54813,-0.02112,-0.11041 
0.000000000000000,0.000000000000000,0.000000000000000 
 0.000000000000000,0.000000000000000,0.000000000000000 
 0.000000000000000,0.000000000000000,0.000000000000000 
0.000000000000000,0.000000000000000,0.000000000000000 
 0.000000000000000,0.000000000000000,0.000000000000000 
 0.000000000000000,0.000000000000000,0.000000000000000 
0.000000000000000,0.000000000000000,0.000000000000000 
 0.000000000000000,0.000000000000000,0.000000000000000 
 0.000000000000000,0.000000000000000,0.000000000000000 
