55.939872732878825,-3.221296961908621,133.307723999023438 
0.041235010128738,0.000000000000000,0.000000000000000 
 0.000000000000000,0.090706559105374,0.000000000000000 
 0.000000000000000,0.000000000000000,0.186906533831611 
-0.01285,0.00880,-0.99756,-0.06800 
-0.00430,-0.01543,-0.00715 
0.33437,-0.10073,-0.05299 
0.000000000000000,0.000000000000000,0.000000000000000 
 0.000000000000000,0.000000000000000,0.000000000000000 
 0.000000000000000,0.000000000000000,0.000000000000000 
0.000000000000000,0.000000000000000,0.000000000000000 
 0.000000000000000,0.000000000000000,0.000000000000000 
 0.000000000000000,0.000000000000000,0.000000000000000 
0.000000000000000,0.000000000000000,0.000000000000000 
 0.000000000000000,0.000000000000000,0.000000000000000 
 0.000000000000000,0.000000000000000,0.000000000000000 
