55.939878855016204,-3.221574792496661,133.077682495117188 
0.040992033083880,0.000000000000000,0.000000000000000 
 0.000000000000000,0.088455692980517,0.000000000000000 
 0.000000000000000,0.000000000000000,0.184891727754612 
-0.01771,0.01007,-0.99849,-0.05107 
0.00781,-0.00155,-0.04717 
-0.36580,-0.53101,0.37822 
0.000000000000000,0.000000000000000,0.000000000000000 
 0.000000000000000,0.000000000000000,0.000000000000000 
 0.000000000000000,0.000000000000000,0.000000000000000 
0.000000000000000,0.000000000000000,0.000000000000000 
 0.000000000000000,0.000000000000000,0.000000000000000 
 0.000000000000000,0.000000000000000,0.000000000000000 
0.000000000000000,0.000000000000000,0.000000000000000 
 0.000000000000000,0.000000000000000,0.000000000000000 
 0.000000000000000,0.000000000000000,0.000000000000000 
