55.939876630499697,-3.221778991105712,132.794677734375000 
0.040668669701663,0.000000000000000,0.000000000000000 
 0.000000000000000,0.087060215315660,0.000000000000000 
 0.000000000000000,0.000000000000000,0.182509685431853 
-0.01256,0.00970,-0.99982,-0.01053 
0.00237,-0.02540,-0.08151 
0.33248,-0.42401,0.25253 
0.000000000000000,0.000000000000000,0.000000000000000 
 0.000000000000000,0.000000000000000,0.000000000000000 
 0.000000000000000,0.000000000000000,0.000000000000000 
0.000000000000000,0.000000000000000,0.000000000000000 
 0.000000000000000,0.000000000000000,0.000000000000000 
 0.000000000000000,0.000000000000000,0.000000000000000 
0.000000000000000,0.000000000000000,0.000000000000000 
 0.000000000000000,0.000000000000000,0.000000000000000 
 0.000000000000000,0.000000000000000,0.000000000000000 
