55.939878097957113,-3.221739825513929,132.833618164062500 
0.040820499498464,0.000000000000000,0.000000000000000 
 0.000000000000000,0.087470085086355,0.000000000000000 
 0.000000000000000,0.000000000000000,0.182626200866154 
-0.01295,0.00831,-0.99968,-0.01992 
0.01525,0.04800,-0.07258 
-0.12591,-0.54555,-0.09983 
0.000000000000000,0.000000000000000,0.000000000000000 
 0.000000000000000,0.000000000000000,0.000000000000000 
 0.000000000000000,0.000000000000000,0.000000000000000 
0.000000000000000,0.000000000000000,0.000000000000000 
 0.000000000000000,0.000000000000000,0.000000000000000 
 0.000000000000000,0.000000000000000,0.000000000000000 
0.000000000000000,0.000000000000000,0.000000000000000 
 0.000000000000000,0.000000000000000,0.000000000000000 
 0.000000000000000,0.000000000000000,0.000000000000000 
