55.939850380117889,-3.222069100563053,132.309341430664062 
0.038072683497816,0.000000000000000,0.000000000000000 
 0.000000000000000,0.082961074044477,0.000000000000000 
 0.000000000000000,0.000000000000000,0.179920557482664 
-0.02628,0.01773,-0.99734,0.06566 
-0.02813,-0.02988,-0.11441 
-0.23235,-1.29717,0.44901 
0.000000000000000,0.000000000000000,0.000000000000000 
 0.000000000000000,0.000000000000000,0.000000000000000 
 0.000000000000000,0.000000000000000,0.000000000000000 
0.000000000000000,0.000000000000000,0.000000000000000 
 0.000000000000000,0.000000000000000,0.000000000000000 
 0.000000000000000,0.000000000000000,0.000000000000000 
0.000000000000000,0.000000000000000,0.000000000000000 
 0.000000000000000,0.000000000000000,0.000000000000000 
 0.000000000000000,0.000000000000000,0.000000000000000 
