55.939572654612334,-3.222713430807590,129.263397216796875 
0.034769977968813,0.000000000000000,0.000000000000000 
 0.000000000000000,0.076446375605897,0.000000000000000 
 0.000000000000000,0.000000000000000,0.174566958421622 
-0.03106,-0.01080,-0.92095,0.38829 
0.00023,-0.00701,-0.03603 
-0.14248,-0.11452,-0.13962 
0.000000000000000,0.000000000000000,0.000000000000000 
 0.000000000000000,0.000000000000000,0.000000000000000 
 0.000000000000000,0.000000000000000,0.000000000000000 
0.000000000000000,0.000000000000000,0.000000000000000 
 0.000000000000000,0.000000000000000,0.000000000000000 
 0.000000000000000,0.000000000000000,0.000000000000000 
0.000000000000000,0.000000000000000,0.000000000000000 
 0.000000000000000,0.000000000000000,0.000000000000000 
 0.000000000000000,0.000000000000000,0.000000000000000 
