55.939554227739855,-3.222738685853839,129.124969482421875 
0.034708443083018,0.000000000000000,0.000000000000000 
 0.000000000000000,0.076179418005183,0.000000000000000 
 0.000000000000000,0.000000000000000,0.174861467306152 
-0.03224,-0.01137,-0.91966,0.39123 
-0.01209,-0.00901,-0.03022 
-0.11428,-0.26211,-0.04536 
0.000000000000000,0.000000000000000,0.000000000000000 
 0.000000000000000,0.000000000000000,0.000000000000000 
 0.000000000000000,0.000000000000000,0.000000000000000 
0.000000000000000,0.000000000000000,0.000000000000000 
 0.000000000000000,0.000000000000000,0.000000000000000 
 0.000000000000000,0.000000000000000,0.000000000000000 
0.000000000000000,0.000000000000000,0.000000000000000 
 0.000000000000000,0.000000000000000,0.000000000000000 
 0.000000000000000,0.000000000000000,0.000000000000000 
