55.939650099507567,-3.222603836581616,129.853607177734375 
0.034735593257026,0.000000000000000,0.000000000000000 
 0.000000000000000,0.076925920221357,0.000000000000000 
 0.000000000000000,0.000000000000000,0.174335730940811 
-0.03088,-0.00732,-0.92929,0.36798 
-0.01283,-0.00566,-0.06519 
-0.17003,-0.58474,0.06441 
0.000000000000000,0.000000000000000,0.000000000000000 
 0.000000000000000,0.000000000000000,0.000000000000000 
 0.000000000000000,0.000000000000000,0.000000000000000 
0.000000000000000,0.000000000000000,0.000000000000000 
 0.000000000000000,0.000000000000000,0.000000000000000 
 0.000000000000000,0.000000000000000,0.000000000000000 
0.000000000000000,0.000000000000000,0.000000000000000 
 0.000000000000000,0.000000000000000,0.000000000000000 
 0.000000000000000,0.000000000000000,0.000000000000000 
