55.939750349523635,-3.222432922227068,130.891296386718750 
0.035539717129773,0.000000000000000,0.000000000000000 
 0.000000000000000,0.078852698677182,0.000000000000000 
 0.000000000000000,0.000000000000000,0.176264281018775 
-0.03381,-0.00922,-0.95950,0.27954 
0.02418,0.03150,-0.18591 
0.04797,-0.88625,-1.20001 
0.000000000000000,0.000000000000000,0.000000000000000 
 0.000000000000000,0.000000000000000,0.000000000000000 
 0.000000000000000,0.000000000000000,0.000000000000000 
0.000000000000000,0.000000000000000,0.000000000000000 
 0.000000000000000,0.000000000000000,0.000000000000000 
 0.000000000000000,0.000000000000000,0.000000000000000 
0.000000000000000,0.000000000000000,0.000000000000000 
 0.000000000000000,0.000000000000000,0.000000000000000 
 0.000000000000000,0.000000000000000,0.000000000000000 
