55.939617489328853,-3.222651866704073,129.598922729492188 
0.034691399820776,0.000000000000000,0.000000000000000 
 0.000000000000000,0.076638323739658,0.000000000000000 
 0.000000000000000,0.000000000000000,0.174600978317759 
-0.03156,-0.00764,-0.92477,0.37915 
0.00476,-0.00196,-0.05602 
-0.23590,-0.30637,0.21050 
0.000000000000000,0.000000000000000,0.000000000000000 
 0.000000000000000,0.000000000000000,0.000000000000000 
 0.000000000000000,0.000000000000000,0.000000000000000 
0.000000000000000,0.000000000000000,0.000000000000000 
 0.000000000000000,0.000000000000000,0.000000000000000 
 0.000000000000000,0.000000000000000,0.000000000000000 
0.000000000000000,0.000000000000000,0.000000000000000 
 0.000000000000000,0.000000000000000,0.000000000000000 
 0.000000000000000,0.000000000000000,0.000000000000000 
