55.939603331281532,-3.222672707308235,129.509887695312500 
0.036091160564384,0.000000000000000,0.000000000000000 
 0.000000000000000,0.078058326526534,0.000000000000000 
 0.000000000000000,0.000000000000000,0.179018220537203 
-0.03158,-0.00798,-0.92329,0.38273 
0.00490,-0.00089,-0.03954 
-0.20898,-0.17871,0.12212 
0.000000000000000,0.000000000000000,0.000000000000000 
 0.000000000000000,0.000000000000000,0.000000000000000 
 0.000000000000000,0.000000000000000,0.000000000000000 
0.000000000000000,0.000000000000000,0.000000000000000 
 0.000000000000000,0.000000000000000,0.000000000000000 
 0.000000000000000,0.000000000000000,0.000000000000000 
0.000000000000000,0.000000000000000,0.000000000000000 
 0.000000000000000,0.000000000000000,0.000000000000000 
 0.000000000000000,0.000000000000000,0.000000000000000 
