55.939428140401191,-3.222906488529304,128.175460815429688 
0.035166225172258,0.000000000000000,0.000000000000000 
 0.000000000000000,0.074907920935176,0.000000000000000 
 0.000000000000000,0.000000000000000,0.175794887475043 
-0.03125,-0.00924,-0.91947,0.39181 
-0.00927,-0.00786,0.01588 
-0.18347,0.36717,0.53310 
0.000000000000000,0.000000000000000,0.000000000000000 
 0.000000000000000,0.000000000000000,0.000000000000000 
 0.000000000000000,0.000000000000000,0.000000000000000 
0.000000000000000,0.000000000000000,0.000000000000000 
 0.000000000000000,0.000000000000000,0.000000000000000 
 0.000000000000000,0.000000000000000,0.000000000000000 
0.000000000000000,0.000000000000000,0.000000000000000 
 0.000000000000000,0.000000000000000,0.000000000000000 
 0.000000000000000,0.000000000000000,0.000000000000000 
