55.939150687004300,-3.223297964471763,126.367218017578125 
0.034219724733273,0.000000000000000,0.000000000000000 
 0.000000000000000,0.072625151164377,0.000000000000000 
 0.000000000000000,0.000000000000000,0.174747456122791 
-0.03338,-0.00685,-0.92638,0.37505 
-0.01731,-0.04480,0.00018 
0.33348,0.12092,2.05290 
0.000000000000000,0.000000000000000,0.000000000000000 
 0.000000000000000,0.000000000000000,0.000000000000000 
 0.000000000000000,0.000000000000000,0.000000000000000 
0.000000000000000,0.000000000000000,0.000000000000000 
 0.000000000000000,0.000000000000000,0.000000000000000 
 0.000000000000000,0.000000000000000,0.000000000000000 
0.000000000000000,0.000000000000000,0.000000000000000 
 0.000000000000000,0.000000000000000,0.000000000000000 
 0.000000000000000,0.000000000000000,0.000000000000000 
