55.939270442493672,-3.223127535195260,127.251403808593750 
0.035169455531309,0.000000000000000,0.000000000000000 
 0.000000000000000,0.073736165251891,0.000000000000000 
 0.000000000000000,0.000000000000000,0.176329975975250 
-0.03751,-0.00756,-0.92529,0.37733 
-0.02036,-0.05100,0.00892 
0.04353,0.21933,0.48734 
0.000000000000000,0.000000000000000,0.000000000000000 
 0.000000000000000,0.000000000000000,0.000000000000000 
 0.000000000000000,0.000000000000000,0.000000000000000 
0.000000000000000,0.000000000000000,0.000000000000000 
 0.000000000000000,0.000000000000000,0.000000000000000 
 0.000000000000000,0.000000000000000,0.000000000000000 
0.000000000000000,0.000000000000000,0.000000000000000 
 0.000000000000000,0.000000000000000,0.000000000000000 
 0.000000000000000,0.000000000000000,0.000000000000000 
