55.939055409835362,-3.223434632239990,125.837951660156250 
0.033556213296393,0.000000000000000,0.000000000000000 
 0.000000000000000,0.071281944603019,0.000000000000000 
 0.000000000000000,0.000000000000000,0.173027220724799 
-0.03174,0.00680,-0.92828,0.37047 
0.01187,-0.02940,-0.00137 
-0.07346,0.21034,0.28304 
0.000000000000000,0.000000000000000,0.000000000000000 
 0.000000000000000,0.000000000000000,0.000000000000000 
 0.000000000000000,0.000000000000000,0.000000000000000 
0.000000000000000,0.000000000000000,0.000000000000000 
 0.000000000000000,0.000000000000000,0.000000000000000 
 0.000000000000000,0.000000000000000,0.000000000000000 
0.000000000000000,0.000000000000000,0.000000000000000 
 0.000000000000000,0.000000000000000,0.000000000000000 
 0.000000000000000,0.000000000000000,0.000000000000000 
