55.938906502357703,-3.223644628023146,125.512802124023438 
0.036646301602161,0.000000000000000,0.000000000000000 
 0.000000000000000,0.071527687783722,0.000000000000000 
 0.000000000000000,0.000000000000000,0.178556732313154 
-0.03157,0.00426,-0.92659,0.37472 
-0.04353,0.00320,-0.00855 
0.53482,-0.15690,0.69827 
0.000000000000000,0.000000000000000,0.000000000000000 
 0.000000000000000,0.000000000000000,0.000000000000000 
 0.000000000000000,0.000000000000000,0.000000000000000 
0.000000000000000,0.000000000000000,0.000000000000000 
 0.000000000000000,0.000000000000000,0.000000000000000 
 0.000000000000000,0.000000000000000,0.000000000000000 
0.000000000000000,0.000000000000000,0.000000000000000 
 0.000000000000000,0.000000000000000,0.000000000000000 
 0.000000000000000,0.000000000000000,0.000000000000000 
