55.938575218112760,-3.224097808407217,123.903503417968750 
0.042161589659159,0.000000000000000,0.000000000000000 
 0.000000000000000,0.076905901684118,0.000000000000000 
 0.000000000000000,0.000000000000000,0.187977825937943 
-0.02759,0.00192,-0.92531,0.37821 
0.00605,0.01893,-0.00282 
-0.30670,0.21728,-0.11705 
0.000000000000000,0.000000000000000,0.000000000000000 
 0.000000000000000,0.000000000000000,0.000000000000000 
 0.000000000000000,0.000000000000000,0.000000000000000 
0.000000000000000,0.000000000000000,0.000000000000000 
 0.000000000000000,0.000000000000000,0.000000000000000 
 0.000000000000000,0.000000000000000,0.000000000000000 
0.000000000000000,0.000000000000000,0.000000000000000 
 0.000000000000000,0.000000000000000,0.000000000000000 
 0.000000000000000,0.000000000000000,0.000000000000000 
