55.938546532622652,-3.224138185460810,123.875564575195312 
0.041697049520304,0.000000000000000,0.000000000000000 
 0.000000000000000,0.077073585674214,0.000000000000000 
 0.000000000000000,0.000000000000000,0.188919045565620 
-0.02544,-0.00056,-0.92536,0.37824 
0.00383,-0.01857,-0.00340 
-0.34476,-0.00911,-0.23824 
0.000000000000000,0.000000000000000,0.000000000000000 
 0.000000000000000,0.000000000000000,0.000000000000000 
 0.000000000000000,0.000000000000000,0.000000000000000 
0.000000000000000,0.000000000000000,0.000000000000000 
 0.000000000000000,0.000000000000000,0.000000000000000 
 0.000000000000000,0.000000000000000,0.000000000000000 
0.000000000000000,0.000000000000000,0.000000000000000 
 0.000000000000000,0.000000000000000,0.000000000000000 
 0.000000000000000,0.000000000000000,0.000000000000000 
