55.938502831897758,-3.224197132971908,123.642570495605469 
0.041052159032717,0.000000000000000,0.000000000000000 
 0.000000000000000,0.077283998409271,0.000000000000000 
 0.000000000000000,0.000000000000000,0.188429383218036 
-0.02659,0.00038,-0.92595,0.37671 
-0.00298,0.02556,0.00783 
-0.22196,0.18316,0.36984 
0.000000000000000,0.000000000000000,0.000000000000000 
 0.000000000000000,0.000000000000000,0.000000000000000 
 0.000000000000000,0.000000000000000,0.000000000000000 
0.000000000000000,0.000000000000000,0.000000000000000 
 0.000000000000000,0.000000000000000,0.000000000000000 
 0.000000000000000,0.000000000000000,0.000000000000000 
0.000000000000000,0.000000000000000,0.000000000000000 
 0.000000000000000,0.000000000000000,0.000000000000000 
 0.000000000000000,0.000000000000000,0.000000000000000 
