55.938399181628178,-3.224339417228671,123.507804870605469 
0.040074971247922,0.000000000000000,0.000000000000000 
 0.000000000000000,0.077677308121910,0.000000000000000 
 0.000000000000000,0.000000000000000,0.189177816018717 
-0.02144,0.00662,-0.92643,0.37580 
-0.02834,0.01391,-0.00080 
0.55882,0.02253,-0.04619 
0.000000000000000,0.000000000000000,0.000000000000000 
 0.000000000000000,0.000000000000000,0.000000000000000 
 0.000000000000000,0.000000000000000,0.000000000000000 
0.000000000000000,0.000000000000000,0.000000000000000 
 0.000000000000000,0.000000000000000,0.000000000000000 
 0.000000000000000,0.000000000000000,0.000000000000000 
0.000000000000000,0.000000000000000,0.000000000000000 
 0.000000000000000,0.000000000000000,0.000000000000000 
 0.000000000000000,0.000000000000000,0.000000000000000 
