55.938432091400955,-3.224295040458459,123.483520507812500 
0.040440163883098,0.000000000000000,0.000000000000000 
 0.000000000000000,0.077691861091896,0.000000000000000 
 0.000000000000000,0.000000000000000,0.189082476664737 
-0.02040,0.00260,-0.92655,0.37560 
-0.00671,0.00745,-0.00333 
0.50395,0.02424,-0.14445 
0.000000000000000,0.000000000000000,0.000000000000000 
 0.000000000000000,0.000000000000000,0.000000000000000 
 0.000000000000000,0.000000000000000,0.000000000000000 
0.000000000000000,0.000000000000000,0.000000000000000 
 0.000000000000000,0.000000000000000,0.000000000000000 
 0.000000000000000,0.000000000000000,0.000000000000000 
0.000000000000000,0.000000000000000,0.000000000000000 
 0.000000000000000,0.000000000000000,0.000000000000000 
 0.000000000000000,0.000000000000000,0.000000000000000 
