55.938410256958051,-3.224324921278643,123.469192504882812 
0.040196866627955,0.000000000000000,0.000000000000000 
 0.000000000000000,0.077687242535958,0.000000000000000 
 0.000000000000000,0.000000000000000,0.189984728129478 
-0.02135,0.00453,-0.92646,0.37575 
-0.01911,-0.00209,-0.00602 
0.60492,0.01045,-0.01514 
0.000000000000000,0.000000000000000,0.000000000000000 
 0.000000000000000,0.000000000000000,0.000000000000000 
 0.000000000000000,0.000000000000000,0.000000000000000 
0.000000000000000,0.000000000000000,0.000000000000000 
 0.000000000000000,0.000000000000000,0.000000000000000 
 0.000000000000000,0.000000000000000,0.000000000000000 
0.000000000000000,0.000000000000000,0.000000000000000 
 0.000000000000000,0.000000000000000,0.000000000000000 
 0.000000000000000,0.000000000000000,0.000000000000000 
