55.938346615121439,-3.224410711474682,123.459564208984375 
0.040135197245238,0.000000000000000,0.000000000000000 
 0.000000000000000,0.077960088725981,0.000000000000000 
 0.000000000000000,0.000000000000000,0.189978233180454 
-0.02372,0.00852,-0.92676,0.37480 
0.00643,0.01072,0.01288 
-0.13476,0.05859,-0.04337 
0.000000000000000,0.000000000000000,0.000000000000000 
 0.000000000000000,0.000000000000000,0.000000000000000 
 0.000000000000000,0.000000000000000,0.000000000000000 
0.000000000000000,0.000000000000000,0.000000000000000 
 0.000000000000000,0.000000000000000,0.000000000000000 
 0.000000000000000,0.000000000000000,0.000000000000000 
0.000000000000000,0.000000000000000,0.000000000000000 
 0.000000000000000,0.000000000000000,0.000000000000000 
 0.000000000000000,0.000000000000000,0.000000000000000 
