55.938339132320671,-3.224420985750117,123.448966979980469 
0.040200021550145,0.000000000000000,0.000000000000000 
 0.000000000000000,0.078049633957789,0.000000000000000 
 0.000000000000000,0.000000000000000,0.189987144278846 
-0.02238,0.00913,-0.92712,0.37398 
-0.00072,0.02711,0.01048 
0.37705,0.16245,-0.16268 
0.000000000000000,0.000000000000000,0.000000000000000 
 0.000000000000000,0.000000000000000,0.000000000000000 
 0.000000000000000,0.000000000000000,0.000000000000000 
0.000000000000000,0.000000000000000,0.000000000000000 
 0.000000000000000,0.000000000000000,0.000000000000000 
 0.000000000000000,0.000000000000000,0.000000000000000 
0.000000000000000,0.000000000000000,0.000000000000000 
 0.000000000000000,0.000000000000000,0.000000000000000 
 0.000000000000000,0.000000000000000,0.000000000000000 
