55.938229105535541,-3.224573936974901,123.478256225585938 
0.041673428601685,0.000000000000000,0.000000000000000 
 0.000000000000000,0.079666350640140,0.000000000000000 
 0.000000000000000,0.000000000000000,0.192808781440679 
-0.01740,0.00876,-0.92790,0.37233 
0.01755,-0.01671,-0.00161 
-0.47266,-0.12826,-0.45003 
0.000000000000000,0.000000000000000,0.000000000000000 
 0.000000000000000,0.000000000000000,0.000000000000000 
 0.000000000000000,0.000000000000000,0.000000000000000 
0.000000000000000,0.000000000000000,0.000000000000000 
 0.000000000000000,0.000000000000000,0.000000000000000 
 0.000000000000000,0.000000000000000,0.000000000000000 
0.000000000000000,0.000000000000000,0.000000000000000 
 0.000000000000000,0.000000000000000,0.000000000000000 
 0.000000000000000,0.000000000000000,0.000000000000000 
