55.938013124981644,-3.224890539008183,123.458137512207031 
0.040776333275091,0.000000000000000,0.000000000000000 
 0.000000000000000,0.079224774127661,0.000000000000000 
 0.000000000000000,0.000000000000000,0.192432187675454 
-0.02271,0.00867,-0.91303,0.40717 
-0.00399,-0.03156,0.02394 
-0.26358,0.29423,-0.61227 
0.000000000000000,0.000000000000000,0.000000000000000 
 0.000000000000000,0.000000000000000,0.000000000000000 
 0.000000000000000,0.000000000000000,0.000000000000000 
0.000000000000000,0.000000000000000,0.000000000000000 
 0.000000000000000,0.000000000000000,0.000000000000000 
 0.000000000000000,0.000000000000000,0.000000000000000 
0.000000000000000,0.000000000000000,0.000000000000000 
 0.000000000000000,0.000000000000000,0.000000000000000 
 0.000000000000000,0.000000000000000,0.000000000000000 
