55.938086553314122,-3.224778125531226,123.407028198242188 
0.040771121829493,0.000000000000000,0.000000000000000 
 0.000000000000000,0.079414382041310,0.000000000000000 
 0.000000000000000,0.000000000000000,0.192385910577514 
-0.02263,0.01268,-0.90718,0.41995 
0.05121,0.00232,0.01551 
-0.47238,0.71018,0.05604 
0.000000000000000,0.000000000000000,0.000000000000000 
 0.000000000000000,0.000000000000000,0.000000000000000 
 0.000000000000000,0.000000000000000,0.000000000000000 
0.000000000000000,0.000000000000000,0.000000000000000 
 0.000000000000000,0.000000000000000,0.000000000000000 
 0.000000000000000,0.000000000000000,0.000000000000000 
0.000000000000000,0.000000000000000,0.000000000000000 
 0.000000000000000,0.000000000000000,0.000000000000000 
 0.000000000000000,0.000000000000000,0.000000000000000 
