55.937892536620261,-3.225100664450077,123.829566955566406 
0.041428033109256,0.000000000000000,0.000000000000000 
 0.000000000000000,0.078209074624912,0.000000000000000 
 0.000000000000000,0.000000000000000,0.190411195366323 
-0.02157,0.00560,-0.92737,0.37348 
0.01660,0.00898,0.03572 
-0.29004,0.33516,0.15321 
0.000000000000000,0.000000000000000,0.000000000000000 
 0.000000000000000,0.000000000000000,0.000000000000000 
 0.000000000000000,0.000000000000000,0.000000000000000 
0.000000000000000,0.000000000000000,0.000000000000000 
 0.000000000000000,0.000000000000000,0.000000000000000 
 0.000000000000000,0.000000000000000,0.000000000000000 
0.000000000000000,0.000000000000000,0.000000000000000 
 0.000000000000000,0.000000000000000,0.000000000000000 
 0.000000000000000,0.000000000000000,0.000000000000000 
