55.937715236935574,-3.225458165820362,122.192344665527344 
0.047512063645844,0.000000000000000,0.000000000000000 
 0.000000000000000,0.082512723578532,0.000000000000000 
 0.000000000000000,0.000000000000000,0.194237473721310 
-0.02380,0.01022,-0.94193,0.33480 
-0.01952,0.01378,0.00142 
-0.61425,-0.26369,0.90705 
0.000000000000000,0.000000000000000,0.000000000000000 
 0.000000000000000,0.000000000000000,0.000000000000000 
 0.000000000000000,0.000000000000000,0.000000000000000 
0.000000000000000,0.000000000000000,0.000000000000000 
 0.000000000000000,0.000000000000000,0.000000000000000 
 0.000000000000000,0.000000000000000,0.000000000000000 
0.000000000000000,0.000000000000000,0.000000000000000 
 0.000000000000000,0.000000000000000,0.000000000000000 
 0.000000000000000,0.000000000000000,0.000000000000000 
