55.937680965619514,-3.225531373012890,122.177162170410156 
0.047430183254532,0.000000000000000,0.000000000000000 
 0.000000000000000,0.084034392783146,0.000000000000000 
 0.000000000000000,0.000000000000000,0.196110521030789 
-0.02440,0.01398,-0.94232,0.33354 
0.01672,-0.00541,0.00139 
-0.72531,0.15598,-0.22463 
0.000000000000000,0.000000000000000,0.000000000000000 
 0.000000000000000,0.000000000000000,0.000000000000000 
 0.000000000000000,0.000000000000000,0.000000000000000 
0.000000000000000,0.000000000000000,0.000000000000000 
 0.000000000000000,0.000000000000000,0.000000000000000 
 0.000000000000000,0.000000000000000,0.000000000000000 
0.000000000000000,0.000000000000000,0.000000000000000 
 0.000000000000000,0.000000000000000,0.000000000000000 
 0.000000000000000,0.000000000000000,0.000000000000000 
