55.937725998248595,-3.225435516271051,122.162742614746094 
0.047558366060949,0.000000000000000,0.000000000000000 
 0.000000000000000,0.082174682158907,0.000000000000000 
 0.000000000000000,0.000000000000000,0.193612429246116 
-0.02552,0.01150,-0.94206,0.33428 
-0.00718,0.00125,-0.00140 
-0.85686,0.02129,0.28774 
0.000000000000000,0.000000000000000,0.000000000000000 
 0.000000000000000,0.000000000000000,0.000000000000000 
 0.000000000000000,0.000000000000000,0.000000000000000 
0.000000000000000,0.000000000000000,0.000000000000000 
 0.000000000000000,0.000000000000000,0.000000000000000 
 0.000000000000000,0.000000000000000,0.000000000000000 
0.000000000000000,0.000000000000000,0.000000000000000 
 0.000000000000000,0.000000000000000,0.000000000000000 
 0.000000000000000,0.000000000000000,0.000000000000000 
