55.937677140333705,-3.225539377883159,122.146278381347656 
0.047314236685936,0.000000000000000,0.000000000000000 
 0.000000000000000,0.084116952939755,0.000000000000000 
 0.000000000000000,0.000000000000000,0.195311235496774 
-0.02227,0.01216,-0.94248,0.33328 
0.02717,0.02333,0.00741 
-0.70239,0.08180,0.14061 
0.000000000000000,0.000000000000000,0.000000000000000 
 0.000000000000000,0.000000000000000,0.000000000000000 
 0.000000000000000,0.000000000000000,0.000000000000000 
0.000000000000000,0.000000000000000,0.000000000000000 
 0.000000000000000,0.000000000000000,0.000000000000000 
 0.000000000000000,0.000000000000000,0.000000000000000 
0.000000000000000,0.000000000000000,0.000000000000000 
 0.000000000000000,0.000000000000000,0.000000000000000 
 0.000000000000000,0.000000000000000,0.000000000000000 
