55.937667549520022,-3.225557377383093,121.897262573242188 
0.047124184459506,0.000000000000000,0.000000000000000 
 0.000000000000000,0.084303947468215,0.000000000000000 
 0.000000000000000,0.000000000000000,0.195687997891184 
-0.02076,0.01021,-0.94301,0.33195 
-0.00724,-0.00717,0.01259 
-0.64246,-0.16938,0.01465 
0.000000000000000,0.000000000000000,0.000000000000000 
 0.000000000000000,0.000000000000000,0.000000000000000 
 0.000000000000000,0.000000000000000,0.000000000000000 
0.000000000000000,0.000000000000000,0.000000000000000 
 0.000000000000000,0.000000000000000,0.000000000000000 
 0.000000000000000,0.000000000000000,0.000000000000000 
0.000000000000000,0.000000000000000,0.000000000000000 
 0.000000000000000,0.000000000000000,0.000000000000000 
 0.000000000000000,0.000000000000000,0.000000000000000 
